1 2
2 3
3 4
4 5
5 6
6 7
7 8
8 9
9 10
10 11
11 12
12 13
13 14
14 15
15 16
16 17
17 18
18 19
19 20
20 21
21 22
22 23
23 24
24 25
25 26
26 27
27 28
28 29
29 30
30 31
31 32
32 33
33 34
34 35
35 36
36 37
37 38
38 39
39 40
40 41
41 42
42 43
43 44
44 45
45 46
46 47
47 48
48 49
49 50
50 51
51 52
52 53
53 54
54 55
55 56
56 57
57 58
58 59
59 60
60 61
61 62
62 63
63 64
64 65
65 66
66 67
67 68
68 69
69 70
70 71
71 72
72 73
73 74
74 75
75 76
76 77
77 78
78 79
79 80
80 81
81 82
82 83
83 84
84 85
85 86
86 87
87 88
88 89
89 90
90 91
91 92
92 93
93 94
94 95
95 96
96 97
97 98
98 99
99 100
100 101
101 102
102 103
103 104
104 105
105 106
106 107
107 108
108 109
109 110
110 111
111 112
112 113
113 114
114 115
115 116
116 117
117 118
118 119
119 120
120 121
121 122
122 123
123 124
124 125
125 126
126 127
127 128
128 129
129 130
130 131
131 132
132 133
133 134
134 135
135 136
136 137
137 138
138 139
139 140
140 141
141 142
142 143
143 144
144 145
145 146
146 147
147 148
148 149
149 150
150 151
151 152
152 153
153 154
154 155
155 156
156 157
157 158
158 159
159 160
160 161
161 162
162 163
163 164
164 165
165 166
166 167
167 168
168 169
169 170
170 171
171 172
172 173
173 174
174 175
175 176
176 177
177 178
178 179
179 180
180 181
181 182
182 183
183 184
184 185
185 186
186 187
187 188
188 189
189 190
190 191
191 192
192 193
193 194
194 195
195 196
196 197
197 198
198 199
199 200
200 201
201 202
202 203
203 204
204 205
205 206
206 207
207 208
208 209
209 210
210 211
211 212
212 213
213 214
214 215
215 216
216 217
217 218
218 219
219 220
220 221
221 222
222 223
223 224
224 225
225 226
226 227
227 228
228 229
229 230
230 231
231 232
232 233
233 234
234 235
235 236
236 237
237 238
238 239
239 240
240 241
241 242
242 243
243 244
244 245
245 246
246 247
247 248
248 249
249 250
250 251
251 252
252 253
253 254
254 255
255 256
256 257
257 258
258 259
259 260
260 261
261 262
262 263
263 264
264 265
265 266
266 267
267 268
268 269
269 270
270 271
271 272
272 273
273 274
274 275
275 276
276 277
277 278
278 279
279 280
280 281
281 282
282 283
283 284
284 285
285 286
286 287
287 288
288 289
289 290
290 291
291 292
292 293
293 294
294 295
295 296
296 297
297 298
298 299
299 300
300 301
301 302
302 303
303 304
304 305
305 306
306 307
307 308
308 309
309 310
310 311
311 312
312 313
313 314
314 315
315 316
316 317
317 318
318 319
319 320
320 321
321 322
322 323
323 324
324 325
325 326
326 327
327 328
328 329
329 330
330 331
331 332
332 333
333 334
334 335
335 336
336 337
337 338
338 339
339 340
340 341
341 342
342 343
343 344
344 345
345 346
346 347
347 348
348 349
349 350
350 351
351 352
352 353
353 354
354 355
355 356
356 357
357 358
358 359
359 360
360 361
361 362
362 363
363 364
364 365
365 366
366 367
367 368
368 369
369 370
370 371
371 372
372 373
373 374
374 375
375 376
376 377
377 378
378 379
379 380
380 381
381 382
382 383
383 384
384 385
385 386
386 387
387 388
388 389
389 390
390 391
391 392
392 393
393 394
394 395
395 396
396 397
397 398
398 399
399 400
400 401
401 402
402 403
403 404
404 405
405 406
406 407
407 408
408 409
409 410
410 411
411 412
412 413
413 414
414 415
415 416
416 417
417 418
418 419
419 420
420 421
421 422
422 423
423 424
424 425
425 426
426 427
427 428
428 429
429 430
430 431
431 432
432 433
433 434
434 435
435 436
436 437
437 438
438 439
439 440
440 441
441 442
442 443
443 444
444 445
445 446
446 447
447 448
448 449
449 450
450 451
451 452
452 453
453 454
454 455
455 456
456 457
457 458
458 459
459 460
460 461
461 462
462 463
463 464
464 465
465 466
466 467
467 468
468 469
469 470
470 471
471 472
472 473
473 474
474 475
475 476
476 477
477 478
478 479
479 480
480 481
481 482
482 483
483 484
484 485
485 486
486 487
487 488
488 489
489 490
490 491
491 492
492 493
493 494
494 495
495 496
496 497
497 498
498 499
499 500
500 501
501 502
502 503
503 504
504 505
505 506
506 507
507 508
508 509
509 510
510 511
511 512
512 513
513 514
514 515
515 516
516 517
517 518
518 519
519 520
520 521
521 522
522 523
523 524
524 525
525 526
526 527
527 528
528 529
529 530
530 531
531 532
532 533
533 534
534 535
535 536
536 537
537 538
538 539
539 540
540 541
541 542
542 543
543 544
544 545
545 546
546 547
547 548
548 549
549 550
550 551
551 552
552 553
553 554
554 555
555 556
556 557
557 558
558 559
559 560
560 561
561 562
562 563
563 564
564 565
565 566
566 567
567 568
568 569
569 570
570 571
571 572
572 573
573 574
574 575
575 576
576 577
577 578
578 579
579 580
580 581
581 582
582 583
583 584
584 585
585 586
586 587
587 588
588 589
589 590
590 591
591 592
592 593
593 594
594 595
595 596
596 597
597 598
598 599
599 600
600 601
601 602
602 603
603 604
604 605
605 606
606 607
607 608
608 609
609 610
610 611
611 612
612 613
613 614
614 615
615 616
616 617
617 618
618 619
619 620
620 621
621 622
622 623
623 624
624 625
625 626
626 627
627 628
628 629
629 630
630 631
631 632
632 633
633 634
634 635
635 636
636 637
637 638
638 639
639 640
640 641
641 642
642 643
643 644
644 645
645 646
646 647
647 648
648 649
649 650
650 651
651 652
652 653
653 654
654 655
655 656
656 657
657 658
658 659
659 660
660 661
661 662
662 663
663 664
664 665
665 666
666 667
667 668
668 669
669 670
670 671
671 672
672 673
673 674
674 675
675 676
676 677
677 678
678 679
679 680
680 681
681 682
682 683
683 684
684 685
685 686
686 687
687 688
688 689
689 690
690 691
691 692
692 693
693 694
694 695
695 696
696 697
697 698
698 699
699 700
700 701
701 702
702 703
703 704
704 705
705 706
706 707
707 708
708 709
709 710
710 711
711 712
712 713
713 714
714 715
715 716
716 717
717 718
718 719
719 720
720 721
721 722
722 723
723 724
724 725
725 726
726 727
727 728
728 729
729 730
730 731
731 732
732 733
733 734
734 735
735 736
736 737
737 738
738 739
739 740
740 741
741 742
742 743
743 744
744 745
745 746
746 747
747 748
748 749
749 750
750 751
751 752
752 753
753 754
754 755
755 756
756 757
757 758
758 759
759 760
760 761
761 762
762 763
763 764
764 765
765 766
766 767
767 768
768 769
769 770
770 771
771 772
772 773
773 774
774 775
775 776
776 777
777 778
778 779
779 780
780 781
781 782
782 783
783 784
784 785
785 786
786 787
787 788
788 789
789 790
790 791
791 792
792 793
793 794
794 795
795 796
796 797
797 798
798 799
799 800
800 801
801 802
802 803
803 804
804 805
805 806
806 807
807 808
808 809
809 810
810 811
811 812
812 813
813 814
814 815
815 816
816 817
817 818
818 819
819 820
820 821
821 822
822 823
823 824
824 825
825 826
826 827
827 828
828 829
829 830
830 831
831 832
832 833
833 834
834 835
835 836
836 837
837 838
838 839
839 840
840 841
841 842
842 843
843 844
844 845
845 846
846 847
847 848
848 849
849 850
850 851
851 852
852 853
853 854
854 855
855 856
856 857
857 858
858 859
859 860
860 861
861 862
862 863
863 864
864 865
865 866
866 867
867 868
868 869
869 870
870 871
871 872
872 873
873 874
874 875
875 876
876 877
877 878
878 879
879 880
880 881
881 882
882 883
883 884
884 885
885 886
886 887
887 888
888 889
889 890
890 891
891 892
892 893
893 894
894 895
895 896
896 897
897 898
898 899
899 900
900 901
901 902
902 903
903 904
904 905
905 906
906 907
907 908
908 909
909 910
910 911
911 912
912 913
913 914
914 915
915 916
916 917
917 918
918 919
919 920
920 921
921 922
922 923
923 924
924 925
925 926
926 927
927 928
928 929
929 930
930 931
931 932
932 933
933 934
934 935
935 936
936 937
937 938
938 939
939 940
940 941
941 942
942 943
943 944
944 945
945 946
946 947
947 948
948 949
949 950
950 951
951 952
952 953
953 954
954 955
955 956
956 957
957 958
958 959
959 960
960 961
961 962
962 963
963 964
964 965
965 966
966 967
967 968
968 969
969 970
970 971
971 972
972 973
973 974
974 975
975 976
976 977
977 978
978 979
979 980
980 981
981 982
982 983
983 984
984 985
985 986
986 987
987 988
988 989
989 990
990 991
991 992
992 993
993 994
994 995
995 996
996 997
997 998
998 999
999 1000
1000 1001
1001 1002
1002 1003
1003 1004
1004 1005
1005 1006
1006 1007
1007 1008
1008 1009
1009 1010
1010 1011
1011 1012
1012 1013
1013 1014
1014 1015
1015 1016
1016 1017
1017 1018
1018 1019
1019 1020
1020 1021
1021 1022
1022 1023
1023 1024
1024 1025
1025 1026
1026 1027
1027 1028
1028 1029
1029 1030
1030 1031
1031 1032
1032 1033
1033 1034
1034 1035
1035 1036
1036 1037
1037 1038
1038 1039
1039 1040
1040 1041
1041 1042
1042 1043
1043 1044
1044 1045
1045 1046
1046 1047
1047 1048
1048 1049
1049 1050
1050 1051
1051 1052
1052 1053
1053 1054
1054 1055
1055 1056
1056 1057
1057 1058
1058 1059
1059 1060
1060 1061
1061 1062
1062 1063
1063 1064
1064 1065
1065 1066
1066 1067
1067 1068
1068 1069
1069 1070
1070 1071
1071 1072
1072 1073
1073 1074
1074 1075
1075 1076
1076 1077
1077 1078
1078 1079
1079 1080
1080 1081
1081 1082
1082 1083
1083 1084
1084 1085
1085 1086
1086 1087
1087 1088
1088 1089
1089 1090
1090 1091
1091 1092
1092 1093
1093 1094
1094 1095
1095 1096
1096 1097
1097 1098
1098 1099
1099 1100
1100 1101
1101 1102
1102 1103
1103 1104
1104 1105
1105 1106
1106 1107
1107 1108
1108 1109
1109 1110
1110 1111
1111 1112
1112 1113
1113 1114
1114 1115
1115 1116
1116 1117
1117 1118
1118 1119
1119 1120
1120 1121
1121 1122
1122 1123
1123 1124
1124 1125
1125 1126
1126 1127
1127 1128
1128 1129
1129 1130
1130 1131
1131 1132
1132 1133
1133 1134
1134 1135
1135 1136
1136 1137
1137 1138
1138 1139
1139 1140
1140 1141
1141 1142
1142 1143
1143 1144
1144 1145
1145 1146
1146 1147
1147 1148
1148 1149
1149 1150
1150 1151
1151 1152
1152 1153
1153 1154
1154 1155
1155 1156
1156 1157
1157 1158
1158 1159
1159 1160
1160 1161
1161 1162
1162 1163
1163 1164
1164 1165
1165 1166
1166 1167
1167 1168
1168 1169
1169 1170
1170 1171
1171 1172
1172 1173
1173 1174
1174 1175
1175 1176
1176 1177
1177 1178
1178 1179
1179 1180
1180 1181
1181 1182
1182 1183
1183 1184
1184 1185
1185 1186
1186 1187
1187 1188
1188 1189
1189 1190
1190 1191
1191 1192
1192 1193
1193 1194
1194 1195
1195 1196
1196 1197
1197 1198
1198 1199
1199 1200
1200 1201
1201 1202
1202 1203
1203 1204
1204 1205
1205 1206
1206 1207
1207 1208
1208 1209
1209 1210
1210 1211
1211 1212
1212 1213
1213 1214
1214 1215
1215 1216
1216 1217
1217 1218
1218 1219
1219 1220
1220 1221
1221 1222
1222 1223
1223 1224
1224 1225
1225 1226
1226 1227
1227 1228
1228 1229
1229 1230
1230 1231
1231 1232
1232 1233
1233 1234
1234 1235
1235 1236
1236 1237
1237 1238
1238 1239
1239 1240
1240 1241
1241 1242
1242 1243
1243 1244
1244 1245
1245 1246
1246 1247
1247 1248
1248 1249
1249 1250
1250 1251
1251 1252
1252 1253
1253 1254
1254 1255
1255 1256
1256 1257
1257 1258
1258 1259
1259 1260
1260 1261
1261 1262
1262 1263
1263 1264
1264 1265
1265 1266
1266 1267
1267 1268
1268 1269
1269 1270
1270 1271
1271 1272
1272 1273
1273 1274
1274 1275
1275 1276
1276 1277
1277 1278
1278 1279
1279 1280
1280 1281
1281 1282
1282 1283
1283 1284
1284 1285
1285 1286
1286 1287
1287 1288
1288 1289
1289 1290
1290 1291
1291 1292
1292 1293
1293 1294
1294 1295
1295 1296
1296 1297
1297 1298
1298 1299
1299 1300
1300 1301
1301 1302
1302 1303
1303 1304
1304 1305
1305 1306
1306 1307
1307 1308
1308 1309
1309 1310
1310 1311
1311 1312
1312 1313
1313 1314
1314 1315
1315 1316
1316 1317
1317 1318
1318 1319
1319 1320
1320 1321
1321 1322
1322 1323
1323 1324
1324 1325
1325 1326
1326 1327
1327 1328
1328 1329
1329 1330
1330 1331
1331 1332
1332 1333
1333 1334
1334 1335
1335 1336
1336 1337
1337 1338
1338 1339
1339 1340
1340 1341
1341 1342
1342 1343
1343 1344
1344 1345
1345 1346
1346 1347
1347 1348
1348 1349
1349 1350
1350 1351
1351 1352
1352 1353
1353 1354
1354 1355
1355 1356
1356 1357
1357 1358
1358 1359
1359 1360
1360 1361
1361 1362
1362 1363
1363 1364
1364 1365
1365 1366
1366 1367
1367 1368
1368 1369
1369 1370
1370 1371
1371 1372
1372 1373
1373 1374
1374 1375
1375 1376
1376 1377
1377 1378
1378 1379
1379 1380
1380 1381
1381 1382
1382 1383
1383 1384
1384 1385
1385 1386
1386 1387
1387 1388
1388 1389
1389 1390
1390 1391
1391 1392
1392 1393
1393 1394
1394 1395
1395 1396
1396 1397
1397 1398
1398 1399
1399 1400
1400 1401
1401 1402
1402 1403
1403 1404
1404 1405
1405 1406
1406 1407
1407 1408
1408 1409
1409 1410
1410 1411
1411 1412
1412 1413
1413 1414
1414 1415
1415 1416
1416 1417
1417 1418
1418 1419
1419 1420
1420 1421
1421 1422
1422 1423
1423 1424
1424 1425
1425 1426
1426 1427
1427 1428
1428 1429
1429 1430
1430 1431
1431 1432
1432 1433
1433 1434
1434 1435
1435 1436
1436 1437
1437 1438
1438 1439
1439 1440
1440 1441
1441 1442
1442 1443
1443 1444
1444 1445
1445 1446
1446 1447
1447 1448
1448 1449
1449 1450
1450 1451
1451 1452
1452 1453
1453 1454
1454 1455
1455 1456
1456 1457
1457 1458
1458 1459
1459 1460
1460 1461
1461 1462
1462 1463
1463 1464
1464 1465
1465 1466
1466 1467
1467 1468
1468 1469
1469 1470
1470 1471
1471 1472
1472 1473
1473 1474
1474 1475
1475 1476
1476 1477
1477 1478
1478 1479
1479 1480
1480 1481
1481 1482
1482 1483
1483 1484
1484 1485
1485 1486
1486 1487
1487 1488
1488 1489
1489 1490
1490 1491
1491 1492
1492 1493
1493 1494
1494 1495
1495 1496
1496 1497
1497 1498
1498 1499
1499 1500
1500 1501
1501 1502
1502 1503
1503 1504
1504 1505
1505 1506
1506 1507
1507 1508
1508 1509
1509 1510
1510 1511
1511 1512
1512 1513
1513 1514
1514 1515
1515 1516
1516 1517
1517 1518
1518 1519
1519 1520
1520 1521
1521 1522
1522 1523
1523 1524
1524 1525
1525 1526
1526 1527
1527 1528
1528 1529
1529 1530
1530 1531
1531 1532
1532 1533
1533 1534
1534 1535
1535 1536
1536 1537
1537 1538
1538 1539
1539 1540
1540 1541
1541 1542
1542 1543
1543 1544
1544 1545
1545 1546
1546 1547
1547 1548
1548 1549
1549 1550
1550 1551
1551 1552
1552 1553
1553 1554
1554 1555
1555 1556
1556 1557
1557 1558
1558 1559
1559 1560
1560 1561
1561 1562
1562 1563
1563 1564
1564 1565
1565 1566
1566 1567
1567 1568
1568 1569
1569 1570
1570 1571
1571 1572
1572 1573
1573 1574
1574 1575
1575 1576
1576 1577
1577 1578
1578 1579
1579 1580
1580 1581
1581 1582
1582 1583
1583 1584
1584 1585
1585 1586
1586 1587
1587 1588
1588 1589
1589 1590
1590 1591
1591 1592
1592 1593
1593 1594
1594 1595
1595 1596
1596 1597
1597 1598
1598 1599
1599 1600
1600 1601
1601 1602
1602 1603
1603 1604
1604 1605
1605 1606
1606 1607
1607 1608
1608 1609
1609 1610
1610 1611
1611 1612
1612 1613
1613 1614
1614 1615
1615 1616
1616 1617
1617 1618
1618 1619
1619 1620
1620 1621
1621 1622
1622 1623
1623 1624
1624 1625
1625 1626
1626 1627
1627 1628
1628 1629
1629 1630
1630 1631
1631 1632
1632 1633
1633 1634
1634 1635
1635 1636
1636 1637
1637 1638
1638 1639
1639 1640
1640 1641
1641 1642
1642 1643
1643 1644
1644 1645
1645 1646
1646 1647
1647 1648
1648 1649
1649 1650
1650 1651
1651 1652
1652 1653
1653 1654
1654 1655
1655 1656
1656 1657
1657 1658
1658 1659
1659 1660
1660 1661
1661 1662
1662 1663
1663 1664
1664 1665
1665 1666
1666 1667
1667 1668
1668 1669
1669 1670
1670 1671
1671 1672
1672 1673
1673 1674
1674 1675
1675 1676
1676 1677
1677 1678
1678 1679
1679 1680
1680 1681
1681 1682
1682 1683
1683 1684
1684 1685
1685 1686
1686 1687
1687 1688
1688 1689
1689 1690
1690 1691
1691 1692
1692 1693
1693 1694
1694 1695
1695 1696
1696 1697
1697 1698
1698 1699
1699 1700
1700 1701
1701 1702
1702 1703
1703 1704
1704 1705
1705 1706
1706 1707
1707 1708
1708 1709
1709 1710
1710 1711
1711 1712
1712 1713
1713 1714
1714 1715
1715 1716
1716 1717
1717 1718
1718 1719
1719 1720
1720 1721
1721 1722
1722 1723
1723 1724
1724 1725
1725 1726
1726 1727
1727 1728
1728 1729
1729 1730
1730 1731
1731 1732
1732 1733
1733 1734
1734 1735
1735 1736
1736 1737
1737 1738
1738 1739
1739 1740
1740 1741
1741 1742
1742 1743
1743 1744
1744 1745
1745 1746
1746 1747
1747 1748
1748 1749
1749 1750
1750 1751
1751 1752
1752 1753
1753 1754
1754 1755
1755 1756
1756 1757
1757 1758
1758 1759
1759 1760
1760 1761
1761 1762
1762 1763
1763 1764
1764 1765
1765 1766
1766 1767
1767 1768
1768 1769
1769 1770
1770 1771
1771 1772
1772 1773
1773 1774
1774 1775
1775 1776
1776 1777
1777 1778
1778 1779
1779 1780
1780 1781
1781 1782
1782 1783
1783 1784
1784 1785
1785 1786
1786 1787
1787 1788
1788 1789
1789 1790
1790 1791
1791 1792
1792 1793
1793 1794
1794 1795
1795 1796
1796 1797
1797 1798
1798 1799
1799 1800
1800 1801
1801 1802
1802 1803
1803 1804
1804 1805
1805 1806
1806 1807
1807 1808
1808 1809
1809 1810
1810 1811
1811 1812
1812 1813
1813 1814
1814 1815
1815 1816
1816 1817
1817 1818
1818 1819
1819 1820
1820 1821
1821 1822
1822 1823
1823 1824
1824 1825
1825 1826
1826 1827
1827 1828
1828 1829
1829 1830
1830 1831
1831 1832
1832 1833
1833 1834
1834 1835
1835 1836
1836 1837
1837 1838
1838 1839
1839 1840
1840 1841
1841 1842
1842 1843
1843 1844
1844 1845
1845 1846
1846 1847
1847 1848
1848 1849
1849 1850
1850 1851
1851 1852
1852 1853
1853 1854
1854 1855
1855 1856
1856 1857
1857 1858
1858 1859
1859 1860
1860 1861
1861 1862
1862 1863
1863 1864
1864 1865
1865 1866
1866 1867
1867 1868
1868 1869
1869 1870
1870 1871
1871 1872
1872 1873
1873 1874
1874 1875
1875 1876
1876 1877
1877 1878
1878 1879
1879 1880
1880 1881
1881 1882
1882 1883
1883 1884
1884 1885
1885 1886
1886 1887
1887 1888
1888 1889
1889 1890
1890 1891
1891 1892
1892 1893
1893 1894
1894 1895
1895 1896
1896 1897
1897 1898
1898 1899
1899 1900
1900 1901
1901 1902
1902 1903
1903 1904
1904 1905
1905 1906
1906 1907
1907 1908
1908 1909
1909 1910
1910 1911
1911 1912
1912 1913
1913 1914
1914 1915
1915 1916
1916 1917
1917 1918
1918 1919
1919 1920
1920 1921
1921 1922
1922 1923
1923 1924
1924 1925
1925 1926
1926 1927
1927 1928
1928 1929
1929 1930
1930 1931
1931 1932
1932 1933
1933 1934
1934 1935
1935 1936
1936 1937
1937 1938
1938 1939
1939 1940
1940 1941
1941 1942
1942 1943
1943 1944
1944 1945
1945 1946
1946 1947
1947 1948
1948 1949
1949 1950
1950 1951
1951 1952
1952 1953
1953 1954
1954 1955
1955 1956
1956 1957
1957 1958
1958 1959
1959 1960
1960 1961
1961 1962
1962 1963
1963 1964
1964 1965
1965 1966
1966 1967
1967 1968
1968 1969
1969 1970
1970 1971
1971 1972
1972 1973
1973 1974
1974 1975
1975 1976
1976 1977
1977 1978
1978 1979
1979 1980
1980 1981
1981 1982
1982 1983
1983 1984
1984 1985
1985 1986
1986 1987
1987 1988
1988 1989
1989 1990
1990 1991
1991 1992
1992 1993
1993 1994
1994 1995
1995 1996
1996 1997
1997 1998
1998 1999
1999 2000
2000 2001
2001 2002
2002 2003
2003 2004
2004 2005
2005 2006
2006 2007
2007 2008
2008 2009
2009 2010
2010 2011
2011 2012
2012 2013
2013 2014
2014 2015
2015 2016
2016 2017
2017 2018
2018 2019
2019 2020
2020 2021
2021 2022
2022 2023
2023 2024
2024 2025
2025 2026
2026 2027
2027 2028
2028 2029
2029 2030
2030 2031
2031 2032
2032 2033
2033 2034
2034 2035
2035 2036
2036 2037
2037 2038
2038 2039
2039 2040
2040 2041
2041 2042
2042 2043
2043 2044
2044 2045
2045 2046
2046 2047
2047 2048
2048 2049
2049 2050
2050 2051
2051 2052
2052 2053
2053 2054
2054 2055
2055 2056
2056 2057
2057 2058
2058 2059
2059 2060
2060 2061
2061 2062
2062 2063
2063 2064
2064 2065
2065 2066
2066 2067
2067 2068
2068 2069
2069 2070
2070 2071
2071 2072
2072 2073
2073 2074
2074 2075
2075 2076
2076 2077
2077 2078
2078 2079
2079 2080
2080 2081
2081 2082
2082 2083
2083 2084
2084 2085
2085 2086
2086 2087
2087 2088
2088 2089
2089 2090
2090 2091
2091 2092
2092 2093
2093 2094
2094 2095
2095 2096
2096 2097
2097 2098
2098 2099
2099 2100
2100 2101
2101 2102
2102 2103
2103 2104
2104 2105
2105 2106
2106 2107
2107 2108
2108 2109
2109 2110
2110 2111
2111 2112
2112 2113
2113 2114
2114 2115
2115 2116
2116 2117
2117 2118
2118 2119
2119 2120
2120 2121
2121 2122
2122 2123
2123 2124
2124 2125
2125 2126
2126 2127
2127 2128
2128 2129
2129 2130
2130 2131
2131 2132
2132 2133
2133 2134
2134 2135
2135 2136
2136 2137
2137 2138
2138 2139
2139 2140
2140 2141
2141 2142
2142 2143
2143 2144
2144 2145
2145 2146
2146 2147
2147 2148
2148 2149
2149 2150
2150 2151
2151 2152
2152 2153
2153 2154
2154 2155
2155 2156
2156 2157
2157 2158
2158 2159
2159 2160
2160 2161
2161 2162
2162 2163
2163 2164
2164 2165
2165 2166
2166 2167
2167 2168
2168 2169
2169 2170
2170 2171
2171 2172
2172 2173
2173 2174
2174 2175
2175 2176
2176 2177
2177 2178
2178 2179
2179 2180
2180 2181
2181 2182
2182 2183
2183 2184
2184 2185
2185 2186
2186 2187
2187 2188
2188 2189
2189 2190
2190 2191
2191 2192
2192 2193
2193 2194
2194 2195
2195 2196
2196 2197
2197 2198
2198 2199
2199 2200
2200 2201
2201 2202
2202 2203
2203 2204
2204 2205
2205 2206
2206 2207
2207 2208
2208 2209
2209 2210
2210 2211
2211 2212
2212 2213
2213 2214
2214 2215
2215 2216
2216 2217
2217 2218
2218 2219
2219 2220
2220 2221
2221 2222
2222 2223
2223 2224
2224 2225
2225 2226
2226 2227
2227 2228
2228 2229
2229 2230
2230 2231
2231 2232
2232 2233
2233 2234
2234 2235
2235 2236
2236 2237
2237 2238
2238 2239
2239 2240
2240 2241
2241 2242
2242 2243
2243 2244
2244 2245
2245 2246
2246 2247
2247 2248
2248 2249
2249 2250
2250 2251
2251 2252
2252 2253
2253 2254
2254 2255
2255 2256
2256 2257
2257 2258
2258 2259
2259 2260
2260 2261
2261 2262
2262 2263
2263 2264
2264 2265
2265 2266
2266 2267
2267 2268
2268 2269
2269 2270
2270 2271
2271 2272
2272 2273
2273 2274
2274 2275
2275 2276
2276 2277
2277 2278
2278 2279
2279 2280
2280 2281
2281 2282
2282 2283
2283 2284
2284 2285
2285 2286
2286 2287
2287 2288
2288 2289
2289 2290
2290 2291
2291 2292
2292 2293
2293 2294
2294 2295
2295 2296
2296 2297
2297 2298
2298 2299
2299 2300
2300 2301
2301 2302
2302 2303
2303 2304
2304 2305
2305 2306
2306 2307
2307 2308
2308 2309
2309 2310
2310 2311
2311 2312
2312 2313
2313 2314
2314 2315
2315 2316
2316 2317
2317 2318
2318 2319
2319 2320
2320 2321
2321 2322
2322 2323
2323 2324
2324 2325
2325 2326
2326 2327
2327 2328
2328 2329
2329 2330
2330 2331
2331 2332
2332 2333
2333 2334
2334 2335
2335 2336
2336 2337
2337 2338
2338 2339
2339 2340
2340 2341
2341 2342
2342 2343
2343 2344
2344 2345
2345 2346
2346 2347
2347 2348
2348 2349
2349 2350
2350 2351
2351 2352
2352 2353
2353 2354
2354 2355
2355 2356
2356 2357
2357 2358
2358 2359
2359 2360
2360 2361
2361 2362
2362 2363
2363 2364
2364 2365
2365 2366
2366 2367
2367 2368
2368 2369
2369 2370
2370 2371
2371 2372
2372 2373
2373 2374
2374 2375
2375 2376
2376 2377
2377 2378
2378 2379
2379 2380
2380 2381
2381 2382
2382 2383
2383 2384
2384 2385
2385 2386
2386 2387
2387 2388
2388 2389
2389 2390
2390 2391
2391 2392
2392 2393
2393 2394
2394 2395
2395 2396
2396 2397
2397 2398
2398 2399
2399 2400
2400 2401
2401 2402
2402 2403
2403 2404
2404 2405
2405 2406
2406 2407
2407 2408
2408 2409
2409 2410
2410 2411
2411 2412
2412 2413
2413 2414
2414 2415
2415 2416
2416 2417
2417 2418
2418 2419
2419 2420
2420 2421
2421 2422
2422 2423
2423 2424
2424 2425
2425 2426
2426 2427
2427 2428
2428 2429
2429 2430
2430 2431
2431 2432
2432 2433
2433 2434
2434 2435
2435 2436
2436 2437
2437 2438
2438 2439
2439 2440
2440 2441
2441 2442
2442 2443
2443 2444
2444 2445
2445 2446
2446 2447
2447 2448
2448 2449
2449 2450
2450 2451
2451 2452
2452 2453
2453 2454
2454 2455
2455 2456
2456 2457
2457 2458
2458 2459
2459 2460
2460 2461
2461 2462
2462 2463
2463 2464
2464 2465
2465 2466
2466 2467
2467 2468
2468 2469
2469 2470
2470 2471
2471 2472
2472 2473
2473 2474
2474 2475
2475 2476
2476 2477
2477 2478
2478 2479
2479 2480
2480 2481
2481 2482
2482 2483
2483 2484
2484 2485
2485 2486
2486 2487
2487 2488
2488 2489
2489 2490
2490 2491
2491 2492
2492 2493
2493 2494
2494 2495
2495 2496
2496 2497
2497 2498
2498 2499
2499 2500
2500 2501
2501 2502
2502 2503
2503 2504
2504 2505
2505 2506
2506 2507
2507 2508
2508 2509
2509 2510
2510 2511
2511 2512
2512 2513
2513 2514
2514 2515
2515 2516
2516 2517
2517 2518
2518 2519
2519 2520
2520 2521
2521 2522
2522 2523
2523 2524
2524 2525
2525 2526
2526 2527
2527 2528
2528 2529
2529 2530
2530 2531
2531 2532
2532 2533
2533 2534
2534 2535
2535 2536
2536 2537
2537 2538
2538 2539
2539 2540
2540 2541
2541 2542
2542 2543
2543 2544
2544 2545
2545 2546
2546 2547
2547 2548
2548 2549
2549 2550
2550 2551
2551 2552
2552 2553
2553 2554
2554 2555
2555 2556
2556 2557
2557 2558
2558 2559
2559 2560
2560 2561
2561 2562
2562 2563
2563 2564
2564 2565
2565 2566
2566 2567
2567 2568
2568 2569
2569 2570
2570 2571
2571 2572
2572 2573
2573 2574
2574 2575
2575 2576
2576 2577
2577 2578
2578 2579
2579 2580
2580 2581
2581 2582
2582 2583
2583 2584
2584 2585
2585 2586
2586 2587
2587 2588
2588 2589
2589 2590
2590 2591
2591 2592
2592 2593
2593 2594
2594 2595
2595 2596
2596 2597
2597 2598
2598 2599
2599 2600
2600 2601
2601 2602
2602 2603
2603 2604
2604 2605
2605 2606
2606 2607
2607 2608
2608 2609
2609 2610
2610 2611
2611 2612
2612 2613
2613 2614
2614 2615
2615 2616
2616 2617
2617 2618
2618 2619
2619 2620
2620 2621
2621 2622
2622 2623
2623 2624
2624 2625
2625 2626
2626 2627
2627 2628
2628 2629
2629 2630
2630 2631
2631 2632
2632 2633
2633 2634
2634 2635
2635 2636
2636 2637
2637 2638
2638 2639
2639 2640
2640 2641
2641 2642
2642 2643
2643 2644
2644 2645
2645 2646
2646 2647
2647 2648
2648 2649
2649 2650
2650 2651
2651 2652
2652 2653
2653 2654
2654 2655
2655 2656
2656 2657
2657 2658
2658 2659
2659 2660
2660 2661
2661 2662
2662 2663
2663 2664
2664 2665
2665 2666
2666 2667
2667 2668
2668 2669
2669 2670
2670 2671
2671 2672
2672 2673
2673 2674
2674 2675
2675 2676
2676 2677
2677 2678
2678 2679
2679 2680
2680 2681
2681 2682
2682 2683
2683 2684
2684 2685
2685 2686
2686 2687
2687 2688
2688 2689
2689 2690
2690 2691
2691 2692
2692 2693
2693 2694
2694 2695
2695 2696
2696 2697
2697 2698
2698 2699
2699 2700
2700 2701
2701 2702
2702 2703
2703 2704
2704 2705
2705 2706
2706 2707
2707 2708
2708 2709
2709 2710
2710 2711
2711 2712
2712 2713
2713 2714
2714 2715
2715 2716
2716 2717
2717 2718
2718 2719
2719 2720
2720 2721
2721 2722
2722 2723
2723 2724
2724 2725
2725 2726
2726 2727
2727 2728
2728 2729
2729 2730
2730 2731
2731 2732
2732 2733
2733 2734
2734 2735
2735 2736
2736 2737
2737 2738
2738 2739
2739 2740
2740 2741
2741 2742
2742 2743
2743 2744
2744 2745
2745 2746
2746 2747
2747 2748
2748 2749
2749 2750
2750 2751
2751 2752
2752 2753
2753 2754
2754 2755
2755 2756
2756 2757
2757 2758
2758 2759
2759 2760
2760 2761
2761 2762
2762 2763
2763 2764
2764 2765
2765 2766
2766 2767
2767 2768
2768 2769
2769 2770
2770 2771
2771 2772
2772 2773
2773 2774
2774 2775
2775 2776
2776 2777
2777 2778
2778 2779
2779 2780
2780 2781
2781 2782
2782 2783
2783 2784
2784 2785
2785 2786
2786 2787
2787 2788
2788 2789
2789 2790
2790 2791
2791 2792
2792 2793
2793 2794
2794 2795
2795 2796
2796 2797
2797 2798
2798 2799
2799 2800
2800 2801
2801 2802
2802 2803
2803 2804
2804 2805
2805 2806
2806 2807
2807 2808
2808 2809
2809 2810
2810 2811
2811 2812
2812 2813
2813 2814
2814 2815
2815 2816
2816 2817
2817 2818
2818 2819
2819 2820
2820 2821
2821 2822
2822 2823
2823 2824
2824 2825
2825 2826
2826 2827
2827 2828
2828 2829
2829 2830
2830 2831
2831 2832
2832 2833
2833 2834
2834 2835
2835 2836
2836 2837
2837 2838
2838 2839
2839 2840
2840 2841
2841 2842
2842 2843
2843 2844
2844 2845
2845 2846
2846 2847
2847 2848
2848 2849
2849 2850
2850 2851
2851 2852
2852 2853
2853 2854
2854 2855
2855 2856
2856 2857
2857 2858
2858 2859
2859 2860
2860 2861
2861 2862
2862 2863
2863 2864
2864 2865
2865 2866
2866 2867
2867 2868
2868 2869
2869 2870
2870 2871
2871 2872
2872 2873
2873 2874
2874 2875
2875 2876
2876 2877
2877 2878
2878 2879
2879 2880
2880 2881
2881 2882
2882 2883
2883 2884
2884 2885
2885 2886
2886 2887
2887 2888
2888 2889
2889 2890
2890 2891
2891 2892
2892 2893
2893 2894
2894 2895
2895 2896
2896 2897
2897 2898
2898 2899
2899 2900
2900 2901
2901 2902
2902 2903
2903 2904
2904 2905
2905 2906
2906 2907
2907 2908
2908 2909
2909 2910
2910 2911
2911 2912
2912 2913
2913 2914
2914 2915
2915 2916
2916 2917
2917 2918
2918 2919
2919 2920
2920 2921
2921 2922
2922 2923
2923 2924
2924 2925
2925 2926
2926 2927
2927 2928
2928 2929
2929 2930
2930 2931
2931 2932
2932 2933
2933 2934
2934 2935
2935 2936
2936 2937
2937 2938
2938 2939
2939 2940
2940 2941
2941 2942
2942 2943
2943 2944
2944 2945
2945 2946
2946 2947
2947 2948
2948 2949
2949 2950
2950 2951
2951 2952
2952 2953
2953 2954
2954 2955
2955 2956
2956 2957
2957 2958
2958 2959
2959 2960
2960 2961
2961 2962
2962 2963
2963 2964
2964 2965
2965 2966
2966 2967
2967 2968
2968 2969
2969 2970
2970 2971
2971 2972
2972 2973
2973 2974
2974 2975
2975 2976
2976 2977
2977 2978
2978 2979
2979 2980
2980 2981
2981 2982
2982 2983
2983 2984
2984 2985
2985 2986
2986 2987
2987 2988
2988 2989
2989 2990
2990 2991
2991 2992
2992 2993
2993 2994
2994 2995
2995 2996
2996 2997
2997 2998
2998 2999
2999 3000
3000 3001
3001 3002
3002 3003
3003 3004
3004 3005
3005 3006
3006 3007
3007 3008
3008 3009
3009 3010
3010 3011
3011 3012
3012 3013
3013 3014
3014 3015
3015 3016
3016 3017
3017 3018
3018 3019
3019 3020
3020 3021
3021 3022
3022 3023
3023 3024
3024 3025
3025 3026
3026 3027
3027 3028
3028 3029
3029 3030
3030 3031
3031 3032
3032 3033
3033 3034
3034 3035
3035 3036
3036 3037
3037 3038
3038 3039
3039 3040
3040 3041
3041 3042
3042 3043
3043 3044
3044 3045
3045 3046
3046 3047
3047 3048
3048 3049
3049 3050
3050 3051
3051 3052
3052 3053
3053 3054
3054 3055
3055 3056
3056 3057
3057 3058
3058 3059
3059 3060
3060 3061
3061 3062
3062 3063
3063 3064
3064 3065
3065 3066
3066 3067
3067 3068
3068 3069
3069 3070
3070 3071
3071 3072
3072 3073
3073 3074
3074 3075
3075 3076
3076 3077
3077 3078
3078 3079
3079 3080
3080 3081
3081 3082
3082 3083
3083 3084
3084 3085
3085 3086
3086 3087
3087 3088
3088 3089
3089 3090
3090 3091
3091 3092
3092 3093
3093 3094
3094 3095
3095 3096
3096 3097
3097 3098
3098 3099
3099 3100
3100 3101
3101 3102
3102 3103
3103 3104
3104 3105
3105 3106
3106 3107
3107 3108
3108 3109
3109 3110
3110 3111
3111 3112
3112 3113
3113 3114
3114 3115
3115 3116
3116 3117
3117 3118
3118 3119
3119 3120
3120 3121
3121 3122
3122 3123
3123 3124
3124 3125
3125 3126
3126 3127
3127 3128
3128 3129
3129 3130
3130 3131
3131 3132
3132 3133
3133 3134
3134 3135
3135 3136
3136 3137
3137 3138
3138 3139
3139 3140
3140 3141
3141 3142
3142 3143
3143 3144
3144 3145
3145 3146
3146 3147
3147 3148
3148 3149
3149 3150
3150 3151
3151 3152
3152 3153
3153 3154
3154 3155
3155 3156
3156 3157
3157 3158
3158 3159
3159 3160
3160 3161
3161 3162
3162 3163
3163 3164
3164 3165
3165 3166
3166 3167
3167 3168
3168 3169
3169 3170
3170 3171
3171 3172
3172 3173
3173 3174
3174 3175
3175 3176
3176 3177
3177 3178
3178 3179
3179 3180
3180 3181
3181 3182
3182 3183
3183 3184
3184 3185
3185 3186
3186 3187
3187 3188
3188 3189
3189 3190
3190 3191
3191 3192
3192 3193
3193 3194
3194 3195
3195 3196
3196 3197
3197 3198
3198 3199
3199 3200
3200 3201
3201 3202
3202 3203
3203 3204
3204 3205
3205 3206
3206 3207
3207 3208
3208 3209
3209 3210
3210 3211
3211 3212
3212 3213
3213 3214
3214 3215
3215 3216
3216 3217
3217 3218
3218 3219
3219 3220
3220 3221
3221 3222
3222 3223
3223 3224
3224 3225
3225 3226
3226 3227
3227 3228
3228 3229
3229 3230
3230 3231
3231 3232
3232 3233
3233 3234
3234 3235
3235 3236
3236 3237
3237 3238
3238 3239
3239 3240
3240 3241
3241 3242
3242 3243
3243 3244
3244 3245
3245 3246
3246 3247
3247 3248
3248 3249
3249 3250
3250 3251
3251 3252
3252 3253
3253 3254
3254 3255
3255 3256
3256 3257
3257 3258
3258 3259
3259 3260
3260 3261
3261 3262
3262 3263
3263 3264
3264 3265
3265 3266
3266 3267
3267 3268
3268 3269
3269 3270
3270 3271
3271 3272
3272 3273
3273 3274
3274 3275
3275 3276
3276 3277
3277 3278
3278 3279
3279 3280
3280 3281
3281 3282
3282 3283
3283 3284
3284 3285
3285 3286
3286 3287
3287 3288
3288 3289
3289 3290
3290 3291
3291 3292
3292 3293
3293 3294
3294 3295
3295 3296
3296 3297
3297 3298
3298 3299
3299 3300
3300 3301
3301 3302
3302 3303
3303 3304
3304 3305
3305 3306
3306 3307
3307 3308
3308 3309
3309 3310
3310 3311
3311 3312
3312 3313
3313 3314
3314 3315
3315 3316
3316 3317
3317 3318
3318 3319
3319 3320
3320 3321
3321 3322
3322 3323
3323 3324
3324 3325
3325 3326
3326 3327
3327 3328
3328 3329
3329 3330
3330 3331
3331 3332
3332 3333
3333 3334
3334 3335
3335 3336
3336 3337
3337 3338
3338 3339
3339 3340
3340 3341
3341 3342
3342 3343
3343 3344
3344 3345
3345 3346
3346 3347
3347 3348
3348 3349
3349 3350
3350 3351
3351 3352
3352 3353
3353 3354
3354 3355
3355 3356
3356 3357
3357 3358
3358 3359
3359 3360
3360 3361
3361 3362
3362 3363
3363 3364
3364 3365
3365 3366
3366 3367
3367 3368
3368 3369
3369 3370
3370 3371
3371 3372
3372 3373
3373 3374
3374 3375
3375 3376
3376 3377
3377 3378
3378 3379
3379 3380
3380 3381
3381 3382
3382 3383
3383 3384
3384 3385
3385 3386
3386 3387
3387 3388
3388 3389
3389 3390
3390 3391
3391 3392
3392 3393
3393 3394
3394 3395
3395 3396
3396 3397
3397 3398
3398 3399
3399 3400
3400 3401
3401 3402
3402 3403
3403 3404
3404 3405
3405 3406
3406 3407
3407 3408
3408 3409
3409 3410
3410 3411
3411 3412
3412 3413
3413 3414
3414 3415
3415 3416
3416 3417
3417 3418
3418 3419
3419 3420
3420 3421
3421 3422
3422 3423
3423 3424
3424 3425
3425 3426
3426 3427
3427 3428
3428 3429
3429 3430
3430 3431
3431 3432
3432 3433
3433 3434
3434 3435
3435 3436
3436 3437
3437 3438
3438 3439
3439 3440
3440 3441
3441 3442
3442 3443
3443 3444
3444 3445
3445 3446
3446 3447
3447 3448
3448 3449
3449 3450
3450 3451
3451 3452
3452 3453
3453 3454
3454 3455
3455 3456
3456 3457
3457 3458
3458 3459
3459 3460
3460 3461
3461 3462
3462 3463
3463 3464
3464 3465
3465 3466
3466 3467
3467 3468
3468 3469
3469 3470
3470 3471
3471 3472
3472 3473
3473 3474
3474 3475
3475 3476
3476 3477
3477 3478
3478 3479
3479 3480
3480 3481
3481 3482
3482 3483
3483 3484
3484 3485
3485 3486
3486 3487
3487 3488
3488 3489
3489 3490
3490 3491
3491 3492
3492 3493
3493 3494
3494 3495
3495 3496
3496 3497
3497 3498
3498 3499
3499 3500
817 822
819 843
1310 1322
1566 2228
1058 1062
106 119
578 615
3072 3312
1006 1470
1477 2110
1087 1098
1933 1939
1014 1730
281 287
3176 3201
2457 2465
454 462
514 550
2569 2573
711 727
3088 3320
121 175
2360 2448
929 952
2083 2090
108 117
3215 3232
1658 2187
939 1445
1431 1662
960 1456
3070 3310
317 387
132 148
896 1136
1570 1574
494 538
2265 2367
3369 3375
2770 2775
3032 3064
3424 3457
3138 3222
273 295
1426 2178
848 1151
131 180
3077 3324
30 2613
883 1124
1434 1669
3042 3167
970 2140
1193 1198
1373 1602
187 237
277 290
2507 2541
2284 2435
2254 2319
2468 2477
1627 1644
684 1876
3449 3455
3054 3233
452 509
2085 2091
110 114
1508 1516
2826 2830
895 905
2273 2350
2956 2964
1076 1693
1620 1635
502 506
3097 3193
1016 1024
345 393
203 2890
2834 2838
1380 1595
1959 2040
2969 2973
1508 1556
2999 3246
2488 2496
666 670
1002 1615
1157 1699
680 1954
1133 1141
1561 2223
1601 1687
95 178
2328 2416
623 689
2337 2433
1971 2011
3443 3477
553 561
3002 3249
1080 2111
1129 1143
575 608
2035 2045
3403 3500
1933 1938
1547 2243
106 123
821 852
1107 1358
3094 3207
444 476
3072 3312
223 2886
3007 3306
3142 3147
1181 1188
400 408
1727 2065
427 431
202 214
3003 3011
108 116
1683 2211
1817 1822
2760 2783
1112 1464
1495 1632
1156 1339
933 939
251 260
2751 2758
2243 2413
1654 1686
2517 2548
1067 1613
599 1918
3141 3147
3326 3331
530 554
1631 1640
1096 1144
3052 3172
2250 2434
3007 3065
498 541
53 2627
3011 3067
3170 3182
2928 2944
3370 3374
867 1334
315 340
3037 3051
3009 3015
616 1880
125 2876
698 730
3084 3292
1743 1777
66 2631
2968 2976
1823 1831
3030 3210
609 1879
328 2908
1858 1862
2656 2704
663 1950
1090 1142
2912 2921
3079 3256
2270 2362
1501 1533
1017 2064
581 1899
1616 1624
568 600
20 2613
1626 1646
1485 1790
2823 2827
608 648
1471 1481
2979 2987
3260 3271
3016 3033
791 2008
2249 2265
211 2915
3104 3199
2191 2200
278 291
2076 2108
888 1695
1471 1480
2991 3281
35 2621
500 555
1545 1550
1272 1847
1490 1590
3027 3036
73 2744
2988 3274
1738 1811
2862 2866
44 2819
1411 2180
871 1343
733 756
3349 3380
1615 1799
3153 3216
3151 3218
681 1256
15 2809
2024 2049
868 1316
340 404
186 238
470 474
2909 2923
48 2719
2642 2646
3036 3187
881 1464
1557 2218
2054 2061
790 1234
258 359
511 553
1588 2212
1105 2170
185 240
3049 3174
1191 1711
1148 1364
38 2621
451 490
670 1258
914 2153
1199 1743
947 1459
2601 2607
1132 1484
1197 1324
1571 1575
583 1905
161 2713
3107 3197
1085 1147
504 536
664 1248
713 728
2259 2371
1760 2024
304 401
2561 2565
1837 2045
159 2714
797 1227
1193 1767
1083 1482
1076 1612
2457 2463
599 1918
2978 2985
858 869
1613 1789
2824 2828
1003 1366
2521 2525
2527 2535
1262 1266
1716 1739
734 755
708 723
1813 2029
2901 2923
2644 2669
3430 3443
497 535
624 656
856 1344
848 1072
3103 3200
657 686
1130 1796
201 224
2468 2476
2632 2816
151 2712
1 2816
416 1910
1720 2111
3217 3231
2589 2596
1022 1045
3262 3266
20 2610
2544 2559
6 10
761 784
97 2872
3152 3216
597 1917
2952 2961
599 1920
2307 2444
131 173
2951 2959
2649 2682
3389 3393
2085 2090
3056 3215
491 524
2695 2783
568 599
2563 2567
3056 3217
1820 2061
1012 1477
185 239
468 476
2765 2770
806 1746
3262 3268
2515 2550
1337 1344
694 712
23 2639
2703 2783
1819 2046
889 975
2659 2707
2935 2943
920 1391
2799 2809
2833 2837
2355 2394
221 2886
2263 2345
2480 2496
1218 1303
161 2711
1075 1148
992 2102
1740 2027
2766 2790
1050 2074
12 2763
64 2632
110 114
2154 2170
3250 3289
849 1783
2278 2350
2756 2764
253 259
2832 2836
837 1189
712 728
3001 3249
1509 1556
120 176
212 2932
1265 1271
1489 1591
1272 1287
3121 3160
1720 2121
634 1878
1410 1426
899 1090
2637 2812
1429 1661
1873 1943
1227 1972
793 2040
2629 2819
596 1915
439 463
1057 1473
2587 2598
615 647
875 1346
204 2931
1353 2137
3156 3188
2270 2278
776 1238
1433 1667
654 659
732 780
890 905
954 1391
793 2015
1367 1615
1268 1852
1496 2216
3372 3384
1663 1671
1536 2239
3118 3124
1521 2231
3313 3322
502 535
1565 1579
2848 2853
1366 1799
529 558
652 1252
1855 1865
335 384
1031 2080
569 585
1033 1037
2954 2962
800 2023
308 356
1415 2176
150 170
828 836
3093 3301
2674 2678
704 752
928 1392
3102 3198
1022 1046
222 2888
2900 2925
3184 3201
1179 1313
2661 2708
1412 1427
1361 2168
772 1980
1184 1215
344 377
579 620
109 114
710 723
3404 3498
2453 2463
914 1357
2254 2383
3412 3488
2953 2961
160 2711
1969 2015
1872 1942
2343 2367
818 854
1029 2084
2684 2691
499 506
2862 2866
1684 2210
2320 2384
1022 1026
3267 3271
95 175
2661 2708
1136 2128
415 1912
847 1472
2281 2447
2774 2791
72 2727
3138 3225
2999 3288
184 239
16 2801
89 232
929 1401
209 2895
398 407
1956 1972
3312 3321
1545 2295
1030 2094
275 294
2295 2417
2485 2493
2769 2793
832 1216
3463 3472
759 783
2998 3247
1229 1973
1056 1471
251 355
3168 3175
1988 1997
2718 2723
2859 2867
2161 2175
930 1441
737 752
3293 3307
2903 2921
7 2799
746 750
609 641
2696 2760
614 631
1108 2156
3208 3240
2263 2386
2599 2607
271 296
441 487
2287 2303
1836 2059
2580 2597
1434 1666
1910 1914
2203 2211
2552 2557
2689 2783
1604 1653
412 421
2527 2536
3035 3211
512 561
1423 2160
1659 2187
1104 1599
1728 2056
983 1162
843 988
1738 2070
1560 1640
712 728
2113 2121
2512 2545
3259 3267
1467 1612
1023 2071
1067 1149
2846 2850
3042 3165
1473 2105
1216 1280
414 418
1176 1703
665 1951
674 1951
1314 1330
979 1699
2980 3285
2931 2941
3117 3162
1956 2004
3168 3201
2273 2361
95 2872
1988 1995
3327 3335
2688 2695
2468 2477
1282 1306
2819 2823
2732 2756
3430 3442
3446 3478
1833 2031
1260 1870
3413 3492
582 1897
2501 2505
613 619
2346 2371
474 482
1717 1812
194 2883
3049 3176
470 481
3030 3210
1368 1625
3006 3014
1969 2015
3018 3242
1869 1947
3068 3291
2343 2431
2641 2792
414 419
2300 2307
1021 1025
1231 2006
3006 3066
662 1254
3366 3376
2354 2393
891 972
1260 1853
948 964
3075 3318
2544 2560
1274 1294
269 296
3370 3376
1260 1269
325 329
3019 3061
523 558
1971 2011
2767 2793
668 1269
78 2860
839 1778
2282 2442
3077 3317
269 296
1759 1825
432 591
3261 3269
2970 2974
1557 2227
3274 3284
1588 2210
2468 2476
2605 2676
3051 3188
1485 1692
3354 3368
1183 1281
2859 2869
1569 1573
3436 3485
3416 3440
1413 1427
3437 3486
3404 3500
1839 1960
73 2727
1726 1738
3053 3213
1756 2003
2901 2923
2753 2785
2511 2542
1044 2092
883 1124
265 368
283 287
2569 2573
1055 2103
1032 2087
1757 1972
568 1895
721 727
819 1779
1099 1130
1658 2187
1367 1614
1352 1697
1198 1327
2717 2723
1099 2117
1586 1638
1153 2120
2966 2984
701 733
3434 3482
3117 3164
1051 2075
1135 1145
1190 1706
2629 2819
1806 2103
273 296
42 2821
838 1705
3070 3310
1155 1173
2544 2557
703 764
1216 1280
35 2617
3076 3324
2937 2943
272 298
1070 1074
1273 1751
1933 1938
845 1157
1529 1535
157 165
1482 2118
1216 1280
2259 2405
1231 2001
563 1892
1052 1060
1659 2181
1808 2121
960 969
2245 2426
2036 2060
2639 2794
3043 3164
1243 1981
2234 2243
3421 3483
35 2621
454 490
1628 1643
247 370
92 179
3119 3161
2584 2591
803 1763
1545 2311
579 613
1070 1150
624 657
1228 1954
3352 3365
3441 3447
1501 1515
2737 2814
1755 1954
786 1235
811 828
1150 1471
76 2861
1094 1133
1063 1072
1664 1672
1090 1097
2601 2607
262 350
226 2885
72 2745
2654 2690
1377 1655
1492 2203
3137 3224
1317 1331
1829 1956
2275 2402
192 2881
2603 2675
2636 2749
3011 3293
2900 2925
61 2731
2998 3264
1360 1600
703 745
8 16
318 338
3354 3362
2297 2313
567 585
1934 1938
3464 3472
138 142
614 618
3426 3446
3465 3472
2511 2544
1032 2080
2268 2373
279 290
1171 1700
2893 2932
3115 3163
3045 3116
2995 3245
2355 2394
3118 3162
134 182
9 15
1161 1697
44 2822
551 1936
1132 1691
2934 2939
1 2632
402 406
1841 2007
1140 1788
579 630
3178 3182
1546 2237
1541 1550
1727 2065
103 119
152 2712
2603 2676
1113 1127
1112 1136
1069 1150
1723 1811
24 2640
1184 1207
1806 2109
3094 3098
717 1908
1107 1420
2334 2421
3049 3169
1408 2160
361 369
1389 1420
2990 3278
758 782
1575 2199
903 1134
214 2890
315 339
1403 2157
4 2788
625 777
856 1343
451 524
2467 2472
3348 3380
3372 3384
2898 2922
248 266
984 1127
2930 2934
1821 2021
1199 1745
2980 3285
3033 3063
3348 3381
616 632
2248 2408
2193 2198
455 463
354 366
1357 2164
699 750
1168 1320
189 235
1519 2232
3064 3240
3138 3226
2256 2264
1759 1825
2522 2526
2586 2591
279 290
2373 2389
564 1892
3277 3284
3039 3199
665 679
2083 2093
429 592
2995 3244
2469 2473
3438 3482
2488 2496
3026 3034
210 2914
1882 1929
3326 3330
3298 3302
2312 2416
1677 2189
473 480
1392 1415
1136 2138
2653 2666
616 1889
1853 1866
254 358
640 1928
2860 2868
1568 1680
3347 3379
1803 2107
3432 3439
2934 2938
473 479
1507 2229
828 860
595 1915
838 1711
3137 3225
994 2113
937 1447
2519 2548
975 1096
837 1317
338 386
200 216
155 165
978 986
892 1461
1868 1949
3012 3252
301 400
3346 3379
816 1337
3175 3183
188 245
848 1008
1397 1421
3427 3443
495 538
2950 2960
279 290
522 529
997 1614
1603 1685
1501 1525
1179 1203
1085 1140
3278 3282
2272 2393
2082 2086
315 405
743 752
2347 2404
2490 2494
3316 3331
358 366
772 1980
794 1974
128 2879
429 592
1678 2198
3197 3204
2286 2301
849 1481
77 2870
1283 1307
2192 2201
113 2864
2180 2195
3356 3377
1578 2192
129 190
1635 2212
324 380
808 1176
3349 3381
2507 2540
185 238
9 57
804 1324
879 1465
3172 3179
204 2892
1369 1591
2857 2863
136 240
1375 1687
702 754
197 227
1208 1304
1383 2143
3440 3455
1548 2428
564 1924
415 1912
172 181
1530 1534
80 106
811 1773
137 145
1839 1976
620 692
2466 2476
2901 2909
498 502
966 970
1035 1039
2323 2422
156 2716
95 177
323 381
771 787
523 557
1591 1618
313 392
1592 1625
238 243
2247 2410
2353 2449
1340 1780
1328 1712
1857 1865
2513 2546
681 1952
144 240
13 2788
456 464
1136 2135
934 1449
595 1916
1197 1310
220 227
216 2888
1630 1643
137 183
1735 2073
660 1874
2662 2696
2898 2902
950 1406
2265 2407
3006 3014
506 542
2480 2489
1412 1428
204 212
1558 1582
808 1703
1526 1534
2834 2838
1018 1046
1402 1406
456 464
565 588
4 2789
628 645
1007 1721
853 1156
1373 1620
940 1452
1888 1928
3041 3048
744 752
447 487
1759 1823
2989 3278
237 242
877 1123
2512 2560
2311 2329
2731 2747
2289 2302
1581 2221
146 181
1549 2242
441 449
1655 1688
2317 2322
1593 1609
1182 1206
2169 2182
1063 1479
622 690
3123 3127
818 1338
908 924
277 291
819 853
1410 1414
413 419
759 784
680 1256
2190 2197
1005 1483
3260 3269
888 1135
1197 1309
596 1915
815 1334
456 487
909 1387
2349 2402
1721 2103
2719 2725
2718 2726
771 1981
3120 3160
431 593
638 1878
3314 3322
1077 1596
872 1336
768 1984
509 556
131 139
715 1908
498 542
1179 1190
2397 2458
906 1354
2859 2867
426 430
857 1344
1884 1940
52 2627
2832 2836
2320 2336
971 1388
1076 1468
1230 1756
3392 3400
2685 2690
1628 1645
2505 2540
1009 1806
2246 2410
1373 1619
49 2817
108 116
3426 3431
1114 1126
1285 1764
3125 3144
1513 1529
823 1342
1012 2100
1514 1534
2604 2677
1308 1748
1361 1377
1784 2112
1208 1281
3123 3161
974 2171
3038 3182
1460 2165
2662 2707
333 382
1715 2029
1283 1307
3393 3399
770 786
1882 1930
2661 2706
3328 3336
358 362
844 1164
675 1949
1721 2104
93 180
3055 3233
2721 2727
303 409
1821 2036
2352 2450
1492 1604
3024 3096
3076 3331
131 148
988 1165
840 1743
2318 2342
706 739
1560 1632
1706 1771
767 1985
152 2711
352 361
985 2128
3045 3115
3060 3244
1717 1723
983 1096
1504 2239
736 745
1820 1836
97 103
1085 1596
3355 3359
1370 1622
964 1460
714 718
1402 1416
3388 3392
1991 1995
657 686
140 180
20 28
805 1309
1363 1381
2469 2477
1410 2178
1225 2023
3007 3305
1857 1862
2397 2460
1795 2125
1470 2122
82 122
1788 2124
3082 3254
3440 3456
3324 3332
3330 3334
2456 2466
207 2919
960 968
197 222
159 2712
1434 1671
3126 3144
1259 1268
3128 3143
920 1400
256 370
2250 2421
3357 3361
665 1951
201 214
134 172
3139 3149
1855 1865
1508 1556
711 720
1680 2200
1658 2186
2488 2498
317 340
818 822
836 1332
3420 3484
1704 1712
3008 3016
665 672
432 592
962 1458
652 661
1174 1702
4 2812
3445 3477
3111 3203
3029 3189
1050 1735
1233 1977
2471 2475
3141 3228
135 146
880 1144
3081 3256
1069 2148
3415 3424
1182 1214
3118 3162
250 360
927 2159
1058 2106
2077 2100
3354 3368
454 459
1519 2231
2516 2548
3051 3187
264 352
456 487
980 2134
1538 2413
3324 3333
3128 3144
3346 3379
3180 3212
611 629
788 1246
1494 1634
3138 3222
3011 3252
667 675
440 488
3413 3492
582 1898
573 1925
3261 3266
77 2869
1760 1816
3329 3335
46 70
3079 3256
206 2914
775 1240
236 244
1550 2243
1133 1138
1165 1701
3001 3290
3465 3471
3155 3234
358 363
2527 2536
68 2823
516 548
2270 2278
849 1154
1178 1331
1078 1082
2456 2465
608 1927
3017 3062
341 405
3350 3378
1737 2055
497 536
2544 2558
1287 1297
2851 2876
2906 2910
564 603
308 397
115 2849
1326 1766
3221 3228
3264 3288
272 297
319 384
140 148
1474 1479
526 558
1001 1593
3063 3240
2314 2326
761 784
1760 2031
940 1452
2078 2098
776 1239
1398 2173
3051 3187
95 178
828 861
929 1440
963 2140
897 1465
3391 3400
520 561
1014 1051
3432 3479
1832 2032
843 1779
3274 3285
1379 1598
1029 2094
1890 1927
1854 1865
1717 1723
2978 2982
426 430
2351 2389
1265 1847
3053 3213
93 173
3393 3397
1273 1288
1506 1511
936 1447
945 1120
55 2626
3444 3477
430 592
1493 1587
1464 2137
3249 3290
672 1953
3325 3333
807 1328
1592 1800
353 371
495 535
217 2887
2928 2947
2369 2385
821 1780
960 969
1629 1643
13 2757
622 690
2838 2842
1056 2103
1526 1534
1543 2414
1004 1796
1025 1728
706 739
80 104
3349 3381
3392 3401
309 347
3098 3206
1513 1529
852 1700
3131 3135
308 364
610 642
735 764
1224 1832
659 685
1012 2108
1238 1242
2531 2535
1716 2029
2650 2778
1104 1361
1816 2049
18 2802
3348 3382
1374 1603
2638 2766
67 2628
4 2772
652 1253
841 1777
1563 2221
1088 1112
3465 3471
1713 1742
915 1420
2971 2975
189 234
3093 3301
2654 2703
2717 2723
1196 1219
1989 1997
3192 3296
2637 2758
1277 1292
936 1448
2348 2404
1633 1640
2411 2427
954 1398
2363 2403
732 781
3421 3435
449 489
1279 1304
3121 3161
701 756
1431 1673
195 2883
3081 3255
1628 1643
908 2163
44 69
1975 2040
1399 2175
1836 1992
280 289
620 628
2426 2431
203 213
2143 2167
3013 3290
639 1928
2657 2705
2773 2795
1025 1047
265 369
936 1448
2284 2308
1781 2132
1476 2076
551 560
281 287
2927 2944
598 1918
1352 1696
812 1204
36 2619
1374 1654
3173 3211
3318 3322
1828 1972
1169 1703
2636 2748
2956 2965
828 859
258 358
3054 3153
1300 1764
2273 2279
3430 3442
861 1708
1225 1826
1585 2215
97 119
878 1126
277 293
2017 2039
2833 2837
2308 2325
2513 2557
1498 2225
1885 1930
2686 2693
309 394
2599 2608
1539 1547
653 685
1364 1381
2291 2443
889 1464
15 57
656 777
3074 3322
2377 2439
135 183
3353 3368
1860 1865
2240 2295
31 2802
902 1467
2111 2121
2021 2051
151 160
1268 1948
1274 1290
1171 1702
694 1900
454 462
1571 1575
2532 2536
1837 2044
3417 3481
496 545
579 646
580 612
978 982
2586 2591
968 1456
83 123
2517 2548
2349 2363
919 1423
5 2812
962 969
2286 2302
581 1898
3465 3473
3206 3298
3174 3186
2718 2726
2486 2495
3379 3383
1045 2083
2530 2534
2689 2695
772 1979
714 719
2412 2428
198 222
768 1984
628 645
1019 1027
927 2175
565 586
426 430
3351 3378
338 386
3312 3321
1057 1719
440 464
334 382
1052 2109
2201 2210
202 217
869 1333
936 1448
1604 1652
1097 1135
564 1924
5 2764
2686 2695
704 744
2584 2592
459 507
3158 3188
1059 1477
1524 2229
2470 2475
1054 1805
973 2138
948 2141
2667 2692
197 221
667 1852
1884 1939
4 11
3424 3439
1492 1684
401 407
1854 1867
1077 2122
2627 2820
1042 2084
775 1241
2278 2375
3364 3368
840 1744
707 739
1001 1793
304 410
51 2629
1135 2127
1169 1176
2271 2400
1413 2188
3092 3107
80 176
1125 1350
3080 3256
1227 1757
108 2852
135 147
896 1096
2822 2826
2144 2183
2293 2323
3391 3400
3366 3370
1363 1787
604 1893
665 671
401 406
848 2104
875 1346
62 2738
1489 1793
2268 2371
3129 3144
1556 2229
1025 1045
159 2713
194 229
1490 1623
2309 2419
859 870
1104 2185
1273 1750
573 605
2967 2984
911 2153
1969 2006
1427 2179
1737 2071
53 2628
3117 3164
534 538
157 164
3031 3304
109 2853
2374 2402
2646 2779
2024 2031
881 1136
101 2876
2258 2263
2896 2903
1592 1792
1536 1551
909 1355
1635 2213
903 1136
804 1763
1838 2042
1053 1805
2289 2303
2654 2702
3419 3435
2517 2521
3012 3252
1110 1463
1012 1732
308 396
2008 2040
3099 3195
577 645
1374 1602
1582 2218
3416 3480
978 1698
3406 3499
733 749
1631 1641
2613 2617
272 296
164 2716
263 350
334 381
3275 3285
1565 1581
776 1240
695 712
3075 3323
1660 2197
196 2884
344 391
1038 1042
2929 2939
3056 3153
1528 2297
2293 2301
3111 3201
812 1180
1085 1094
1592 1800
1218 1283
954 2174
436 508
213 2932
25 2792
2516 2551
3080 3256
3085 3309
2309 2331
1838 2017
2689 2752
897 1138
1025 1047
100 2849
1628 1643
1019 1027
1098 1145
1840 1968
790 1962
2583 2594
1487 1791
3464 3472
1057 1063
1004 1364
805 1747
1838 2041
668 677
38 2621
3179 3190
800 1815
1092 1381
1503 2416
2569 2573
203 2891
2968 2984
1002 1790
2292 2444
1020 1027
841 1704
1824 2031
1620 1654
1508 1579
1434 1667
773 1237
3076 3324
715 1909
196 228
1472 1785
199 223
190 235
3128 3143
496 504
1730 2074
415 1912
1661 1676
1055 1471
1163 1780
1586 1634
1872 1943
2654 2781
1029 2085
833 1209
3153 3233
2001 2007
790 1967
1626 1646
1062 2105
988 1164
1887 1929
510 551
898 1086
2639 2775
2277 2389
1717 1811
87 127
39 2620
2666 2783
191 233
304 400
1832 2024
1538 2415
1297 1848
998 1794
2329 2414
2516 2549
668 1852
2860 2869
136 183
1504 2241
762 766
48 65
2397 2459
955 1404
2235 2428
1839 2042
1856 1865
1627 1645
3115 3165
510 523
1549 2413
1231 2001
1496 1582
1031 2086
217 225
648 1929
1170 1702
2943 2947
434 540
3415 3438
1842 1974
516 548
1734 2073
3351 3356
438 454
2729 2814
107 2852
2141 2170
22 27
1022 1026
3328 3340
262 358
1497 1561
8 56
1104 2152
1095 1695
1266 1850
696 728
322 334
924 2164
197 2883
2969 2975
898 1090
1820 1835
738 743
1559 2225
2903 2912
520 1936
1530 1553
634 649
1852 1869
3410 3492
2952 2959
3325 3333
3008 3192
441 447
163 2715
1417 2161
3430 3446
3239 3306
773 1238
855 1338
976 984
656 688
2643 2682
991 1154
79 176
1429 1661
3261 3270
568 1905
1620 2204
2613 2803
311 344
3139 3228
41 52
3394 3398
3326 3330
1172 2132
2988 3285
814 869
1428 2195
2025 2048
254 366
2505 2540
1620 1653
447 465
18 2806
1028 1042
1990 1995
2332 2378
3405 3497
2991 3281
515 547
3093 3098
1265 1296
3140 3220
2616 2805
280 289
2270 2362
1207 1304
2281 2447
672 1249
1472 1785
878 1350
1104 2153
2247 2409
806 1323
1410 1427
1543 1547
1431 1663
3260 3267
2766 2775
856 1336
1601 1655
927 1425
920 1438
903 1130
3003 3250
882 886
2440 2448
371 375
934 1446
3053 3154
1569 1575
3389 3400
2380 2436
3004 3292
596 1917
97 103
608 649
732 756
340 404
3121 3160
29 2613
635 1875
445 476
2640 2673
1615 1793
617 642
659 685
3005 3293
3433 3456
87 2878
3416 3439
1446 1450
881 1088
698 731
455 489
3048 3183
94 178
2936 2945
1620 2203
2309 2435
3272 3356
280 289
2612 2804
2903 2920
761 765
95 175
3024 3240
1678 2198
856 872
265 359
1104 2185
1219 1307
904 1130
2023 2048
164 2723
2054 2058
972 1396
2635 2748
1147 1380
982 986
2955 2963
522 527
1183 1305
2688 2785
3150 3230
1488 1800
3033 3295
1006 1069
837 867
1710 1774
1165 1173
2976 2985
2045 2051
2056 2071
931 1452
791 1967
504 536
993 1482
84 102
1397 2172
3188 3213
448 487
188 245
1506 1510
1404 2165
3085 3309
2859 2868
3082 3255
1497 1559
560 1937
1702 1778
445 476
233 2880
787 1244
2203 2211
1518 2230
909 2170
676 1948
641 647
1540 2428
37 2620
2513 2559
699 749
1524 1563
1250 1255
3117 3163
1720 2120
508 532
516 547
413 418
851 989
2517 2552
1567 1578
1265 1273
598 1918
1274 1294
2643 2669
1075 2116
1311 1744
920 1408
1020 1045
3449 3458
1218 1302
436 524
2058 2062
3191 3238
2898 2923
3263 3289
141 182
1989 1994
1472 2120
1989 1995
649 1887
1627 1644
200 223
988 1154
3405 3499
2831 2835
601 1920
1167 1175
983 2134
3051 3155
3045 3115
1260 1949
1153 1471
3091 3108
302 400
1433 1671
922 950
2260 2405
2517 2548
2930 2938
461 532
155 2715
831 1206
823 1343
663 681
2689 2695
3064 3208
6 58
460 524
927 2161
264 370
2740 2756
44 2821
1112 1128
2456 2466
73 2744
48 2722
2909 2923
2999 3246
3123 3161
1391 1422
1885 1932
857 865
3048 3175
1359 1657
1489 1607
758 782
985 2130
795 2011
1933 1939
600 1896
2313 2417
700 732
128 192
513 527
3039 3201
280 287
1188 1333
3015 3304
87 127
1873 1943
