116993.545428
37184.54638
75242.993227
63867.429979
23511.126226
160258.480438
100830.994384
71085.895749
25394.937641
18541.575075
28702.724642
33088.597363
25990.954967
454834.653193
31614.99005
119166.117359
411999.057651
66460.773136
112775.169115
41677.602755
220992.502289
143815.708765
32929.771405
42258.152388
160264.816112
24985.933952
20019.924031
130719.581537
53277.701115
71256.192867
28079.258961
14911.915795
32946.389341
188258.677433
28396.054799
75149.816403
37981.065111
31366.176772
306006.268867
126615.304334
34116.728084
33140.503145
22091.752848
18422.472604
68038.208185
298393.315603
128423.434073
25610.665582
152295.475413
41057.181837
20927.603906
51932.237189
48400.408269
24832.583418
172112.705656
83981.939672
61991.700538
76026.806391
291384.68337
57641.333535
748825.934556
123939.962498
36473.7907
18021.196761
82879.424221
52839.998599
18393.441934
67655.419115
147608.07013
14848.39104
66975.536236
58069.244427
253785.042525
277584.397523
40031.468479
92566.53556
69333.78803
80024.285
112826.805283
19020.794133
56331.222925
114578.753436
72667.857683
74763.421548
25578.849754
238266.024088
49463.52293
80450.108151
22073.88423
125781.80253
48861.826933
86259.174396
17878.856256
72578.138436
149398.684244
48020.844694
37481.405381
18874.683869
28714.818177
33102.350661
82782.695605
74699.353618
51062.986666
31281.500812
71576.344052
11938.17043
147632.224851
249118.384254
46301.98059
48412.559355
656863.826171
68347.895706
79173.446692
65598.493894
44399.137304
64143.624524
55157.413753
35661.636736
170455.254121
77521.361062
62440.594869
31751.912199
256136.75479
198851.598759
29294.004129
477894.617012
43040.359927
99601.089754
98756.257603
149243.394381
96419.842449
105902.733808
16525.002983
76824.524144
21374.012666
58391.690797
28421.374079
36403.43913
95965.641838
112480.295178
110102.974169
603273.347585
103808.305245
19900.541542
105773.026039
225040.544479
188591.945524
64918.223681
118487.64799
110646.872432
68759.12256
49173.479007
98513.668673
19654.593695
39838.048989
70649.877433
146589.549983
39613.988087
27699.028924
73333.275048
48544.629466
118592.02759
91274.716387
51378.524508
141634.877556
127563.020773
74832.687613
41954.716229
53661.745655
42842.704976
146457.283511
104786.938115
110125.779971
61919.142916
39278.087673
33044.288015
180982.032704
341398.079541
101781.601979
235060.825602
42082.337956
132678.672306
34386.084704
86301.085253
120854.863925
91137.166127
52903.478367
46992.691153
17127.736132
70517.948243
32752.197642
29487.499964
109438.364216
18886.282997
88057.522777
16754.818915
48807.398391
35135.334144
3228644.845612
69429.549065
33435.530071
33216.538596
89135.653467
97270.744755
131143.210266
37049.374294
43513.615168
37322.048122
103650.892076
176817.840574
49900.745922
170056.298876
164150.766042
120438.512141
83229.402734
41810.952921
151279.489747
59847.501148
48576.072024
33702.307758
43290.46887
42268.181163
40080.573842
86187.402802
51416.729763
32858.980693
206011.056502
202970.283149
67290.338254
311785.180549
20212.942479
31445.927803
47591.571796
366217.928301
160033.350331
57504.181119
27324.256327
270139.844511
161218.083992
63586.481032
60230.292835
14210.61519
201353.409264
36641.839161
22515.78327
213042.180802
147327.711019
41001.631948
71015.860839
22050.350782
44065.666348
104511.151834
58952.904742
202830.987804
45954.72417
108143.112375
39190.619124
33841.996925
101054.14519
131155.408774
49175.725196
107713.586892
42616.792768
61829.887811
153846.09353
60767.900639
88245.528371
57722.39855
178144.363129
86360.10136
111061.984993
151991.488062
39972.52786
22613.204917
30675.919385
126628.267597
35925.637475
181801.299391
119432.448505
34710.531607
111712.08077
29090.991265
42791.067703
68152.215816
66467.644586
106960.417466
190497.781003
70827.002987
43438.720246
59643.343764
56061.969163
129704.653117
184582.790538
50974.990272
64011.13699
47794.120433
27075.761478
159308.806827
33755.435264
72270.767922
8230.139414
31529.649377
35164.400036
80157.471339
26481.125656
197797.611216
55416.51138
45390.314817
42233.514718
68941.238698
59462.850164
76881.427484
50827.414243
80589.010219
108952.845281
69169.554512
112436.688823
102560.554985
55987.791762
57550.51068
51095.529977
119901.239435
46096.794418
72612.434501
51759.724702
28574.229543
99026.573005
36066.457168
396223.596669
316164.965182
169950.125629
148154.04842
37325.133684
162014.655624
77335.083351
84150.412517
55786.761041
126305.981532
49584.167381
146303.843894
45211.238547
19635.536199
88575.520718
21712.585201
11663.666165
64690.134162
172872.814509
108007.091512
388202.867197
28344.762754
98640.729213
44339.285372
96098.49985
46829.245005
34244.291495
56603.53285
49763.587819
43493.643462
27903.651935
85109.140704
56458.710385
86840.247341
40942.43618
38049.095047
64771.536411
40873.618945
91289.288114
24483.535682
80348.705528
229107.487801
229862.415638
157501.392083
305246.619802
82312.611183
34028.600275
82550.06047
27152.582594
50896.237938
79827.357784
14842.479593
32172.758767
187147.344567
94673.975692
24354.237144
169886.056613
39035.383558
56029.951772
30189.037149
18278.177482
34457.751079
100688.327481
51497.09919
125319.805922
48938.165882
68286.265231
110998.130382
68263.686009
24810.973739
56592.476059
116785.481714
95555.904556
115920.997922
95611.318728
205700.775622
28490.256708
33467.54917
28273.39586
83440.533091
29442.282427
24724.174455
90035.652376
138242.169764
171276.639938
46364.936539
163504.789444
221857.533322
144249.926592
28211.830139
38190.825633
24397.077114
32016.9831
54072.755173
47359.218284
80259.554253
95131.439997
85402.195185
125088.164606
37631.778495
122339.633364
55061.15517
19412.610312
172393.845232
182318.040323
121102.57153
109109.555652
144170.132614
28738.723201
330956.547361
73086.542244
280589.911628
34368.68402
40304.877465
61899.270581
53630.835948
28305.253921
50152.73365
74866.196598
72415.302118
17385.000617
15776.608505
40337.099196
21105.767682
35409.020141
35210.428601
91908.536347
30056.837729
17549.070439
28086.425388
48454.20486
84038.163651
163834.805713
26775.895904
37604.598438
25332.699539
21773.386209
342787.841878
42485.998292
101701.480559
104971.838356
1083926.060625
56411.035234
30332.545465
12877.174032
176343.692644
45034.807142
82676.5455
74828.72639
104184.578943
68167.151443
31241.074815
28899.010947
50540.121414
273824.093456
202447.974415
275080.989157
35954.685825
113258.07025
66943.710014
113115.768404
18364.070141
88932.074076
29584.792001
28537.871137
47382.256491
278538.3804
47520.214857
27982.944298
24763.261914
56199.521218
39098.294679
181279.557463
47242.375976
158977.562854
38004.085117
55020.075109
120587.892051
24244.070825
50593.093395
99966.524927
96384.727342
287711.740165
57550.834369
135071.063799
99749.545508
58329.474439
43160.655924
22141.138131
67109.076482
21529.575728
61179.199182
96920.742296
30704.100615
138115.910708
34477.044987
221977.50044
66672.341628
90699.903303
64498.138118
174749.757449
42114.525257
24850.340226
385660.758425
28626.815651
67090.967541
25678.156677
182681.410815
16082.64083
48755.915353
81408.930966
48511.868636
73544.799689
45522.219457
104960.618107
19807.822052
142871.342858
35863.824111
11665.183083
83284.349166
251066.066763
57258.645338
65256.593827
76633.617431
93268.376645
25073.099862
25852.820145
33509.843571
109150.089273
103552.346474
33067.766988
106809.793882
40237.99474
130354.124492
58414.82114
60372.777268
29292.897562
38516.705387
94916.399785
50567.20241
106255.150323
53188.701504
38188.908636
38366.393392
60066.487837
54671.829925
35235.827799
21042.258446
18858.288166
36766.225279
78011.087083
65010.377752
396277.583451
27040.984142
49982.012593
62141.534754
365979.397922
18152.301936
83060.634032
19476.048478
49778.767689
8209.027912
27821.80214
59063.774424
80425.44421
79539.937022
54304.373345
356099.152596
78820.804211
93384.238291
19041.178604
82288.556449
42730.979971
55023.17429
38814.98341
55354.391057
129775.746306
42316.108613
66674.952003
498560.602449
35383.342043
22340.313693
16547.022742
96307.72145
23980.819346
189946.705872
107850.649984
68220.457568
31611.755129
264459.868345
17943.007055
27575.892473
62662.824907
59271.598128
973893.971399
23209.30601
431631.397909
49855.448084
21032.652834
21613.958279
112140.676039
44091.968111
26105.566531
16189.02577
151991.416134
113790.325115
33866.984312
24949.039607
17720.60129
47091.400234
61074.529197
19136.392118
29103.620987
69529.192843
25425.256553
22475.503339
115275.328289
40588.116325
136440.604445
102244.67844
81744.965489
84786.370149
116279.672734
31412.886145
15405.929156
80023.342589
18800.386675
188039.579908
16901.289449
105380.633311
85797.372093
392528.847242
92149.221662
35141.976325
142334.881387
45709.426515
130602.074543
240586.925415
3174097.62982
24665.83966
68589.734982
102429.753486
56314.279106
50131.493354
64079.499853
165853.617762
43153.51812
40738.515483
84851.21502
88111.299294
88276.271479
552966.577975
37050.005634
53313.985566
40958.469431
44866.883735
55000.817418
71624.043876
73073.416825
33907.849622
79412.263804
71653.358603
44141.895171
79676.900543
104992.637628
153270.920239
39426.631049
52138.183361
53487.380374
18639.392104
49059.956757
176988.088455
109902.750683
40067.449335
67049.800762
31761.319879
30184.392227
75620.043212
31721.405198
33443.159737
163110.394487
126794.273224
154276.160824
171279.94445
58278.795381
170661.19418
67527.338455
53448.940144
34434.532603
39780.104649
37891.752615
35406.793923
544281.088151
394763.754109
165753.787369
43635.751602
22782.369295
66242.441649
97940.712667
109719.196282
189019.039069
75600.149668
34611.193718
61375.025285
30276.068159
126848.800373
116813.086114
46542.619487
3298606.878635
28299.227394
89139.13311
25721.762222
143476.330383
17388.167658
158951.08821
68568.556506
93769.041086
48605.254047
71356.291194
40751.962418
74709.351279
67042.509672
90370.788547
145347.061516
26052.380583
31595.945432
85999.411494
34904.326284
87211.862599
122853.749962
52419.806589
71095.403214
23043.527971
19652.249426
22526.772656
228189.300214
58583.353269
198231.003123
120020.486026
88661.424926
32823.946406
36048.222679
29880.145976
72694.917623
191157.602084
30125.022334
182870.53514
25750.029968
48466.268664
69465.985421
231326.037457
29074.427847
312681.456571
23869.405538
409022.995149
18557.181738
106180.908
140185.30168
52535.444179
44515.501976
67508.57464
41773.957851
87653.78836
431227.871334
69859.445569
33790.989772
56506.073811
141488.002155
37159.469
38845.633353
98561.043226
121698.926836
173862.060458
150058.063362
125751.71432
44762.831132
166775.188268
54046.815355
58235.354812
205693.791977
45134.596167
33539.586014
119406.25992
28892.682695
48382.986852
40247.92774
92075.130424
32984.913957
71180.225965
108968.032778
53697.717601
142238.49877
32616.928861
71498.718732
40228.333998
162111.841489
34070.411436
36105.630316
22591.922595
103208.129088
82237.538468
173455.239763
276015.981161
56504.857724
42261.96596
273910.633174
43721.759303
91603.571561
48329.599096
93229.141953
56547.774551
55802.088202
144457.798985
27962.005927
46284.823431
35262.563776
298607.559862
77626.602682
81035.191739
63516.625956
87241.688332
206351.272019
13686.448539
179169.288036
191830.199044
48342.835159
97852.605768
47004.456752
92805.681615
16540.811114
9453.374342
57014.652031
130768.852804
39078.89466
38141.713609
84707.918379
52311.520121
260138.93037
51848.231943
75620.695638
71347.00675
17145.595974
37714.740166
39254.249123
58688.454237
38111.582657
61893.267385
31819.631505
22051.389004
32059.105397
59886.704106
67207.1578
69064.977895
24335.960138
248039.486644
67910.952336
17137.327422
29231.046043
104131.364544
52478.678334
957877.734596
176902.711656
160054.697266
110919.456124
28195.408932
84935.339031
14205.013503
45783.819784
37364.220979
69284.727335
39148.572028
27044.529564
91485.355911
40883.756675
148494.919713
75014.361478
37246.43224
231829.720607
29036.820943
67717.056774
103769.257858
23432.689829
58680.151517
56203.350401
106809.903535
32256.836852
17087.856062
253759.489592
33430.280914
65580.351809
24483.673233
15713.76353
50652.884245
43474.804893
24667.744508
63952.242836
64166.594352
60319.915855
45423.207135
67563.878423
57402.770929
139324.5641
53030.168929
79869.690709
133688.813095
58858.098955
62279.64089
27324.911077
280298.86954
65918.048223
21017.520987
20678.678027
33756.386423
224984.03518
23723.233196
20014.156291
120830.161417
66691.082693
56520.577432
153579.530551
78182.135593
86810.765598
105968.291617
34816.79606
55670.804982
36980.504657
43904.57227
29629.715308
43886.146064
214548.329572
44926.117843
75114.953321
22436.577032
203241.267885
52729.341552
38251.77421
69863.125021
23879.915068
277652.618524
38179.184454
35321.136688
89871.05594
120168.881292
59224.227607
49878.58977
31763.064979
90125.302705
181129.642811
487627.123337
35605.077787
78002.647197
21250.485045
223335.76871
53828.585015
53608.683291
31276.250096
51441.121416
378731.117371
17426.449518
24998.351706
192031.138447
100731.083463
62630.752599
19334.990441
34334.920024
75228.209462
90672.527663
15060.777338
20630.801195
199318.947582
96823.64394
16446.899164
253640.976819
57443.472284
21318.182364
222840.969487
39572.516158
94096.735311
175792.282278
22975.489102
14914.521641
27837.673093
48498.532289
174062.612414
41258.140321
56089.268
36918.775381
269302.894527
258988.648055
31076.331228
77331.869668
103219.352305
129193.788477
30707.566157
20503.214685
134577.373574
16845.199338
33371.950359
38021.92369
36966.701232
230032.752221
99344.276524
16700.032239
194017.00015
242063.421729
38263.782288
71649.30295
69404.616115
639395.912397
67118.236975
373954.1541
31269.636213
299549.776343
46285.964902
18036.50652
41854.181566
25751.475161
107575.733313
133389.968383
44523.740452
48521.434301
254014.290974
106124.506105
23326.609608
33323.315124
74476.089481
17880.591195
54080.69253
228679.908352
66551.343378
50754.505196
43640.795154
67306.24435
27687.638662
72733.232956
35721.79182
39498.004574
23894.216993
34923.807442
30310.813443
67208.214097
85016.120117
56924.154379
44045.993902
46723.791648
47148.630271
28110.325375
116211.465507
85705.996374
28603.123866
136491.776313
33962.442746
103396.001431
69278.919797
42912.844156
40814.022864
13578.833954
52410.702828
221445.844703
43257.541106
18944.094065
123368.221368
72599.348023
57323.978952
162038.968851
182553.71082
25782.937548
124230.703489
29501.168499
50860.049368
25048.379012
142044.441726
38906.259273
74413.065766
43309.141396
42071.254948
97280.428231
82227.827592
23671.442227
79481.344234
108037.296738
37266.250286
33505.384955
196999.170644
30023.51162
57538.565033
288991.934841
43020.807407
642319.100962
33088.259483
37465.70179
73792.684819
606855.69089
150579.40448
113122.755886
57320.187052
61248.725456
11290.513629
32019.44689
150050.962072
613828.846729
68668.741736
613231.606596
31147.981316
38783.709103
74136.962981
28489.631183
105705.296169
43389.328808
40361.242593
77940.039587
279463.978572
64790.979856
37383.753407
30183.40287
30464.988897
35485.789835
136653.61982
161630.984931
58287.247615
19460.805115
40249.510947
67720.407662
19731.896006
73599.463581
34159.512402
53058.923486
32115.363314
20346.927007
116501.071926
50123.546376
96498.948614
46318.662429
182197.956464
367284.182069
209549.003032
43884.518593
64617.444185
48574.844441
34381.114009
54179.29255
49763.985331
27497.300452
50677.807661
39084.894036
52382.597896
234959.216048
26828.91629
173477.575475
186603.398597
35947.319284
87778.382555
42701.931447
54828.887512
43692.367317
151823.612156
45090.918427
91560.112172
103073.460944
161406.352981
93927.51484
26921.154076
140106.698613
56468.72278
62849.155359
144794.130343
100586.369756
309362.994177
76003.981977
45948.758247
40722.787123
24583.75701
42397.725151
143821.644831
20766.452109
116811.354445
22814.88528
14802.837778
194991.533654
27033.52076
86672.477669
27652.809406
81562.264738
77237.140418
110948.187293
27347.897419
42712.489448
22190.872005
74693.007202
61904.811741
33600.32613
376595.900835
126182.881729
134219.562443
60165.033527
88297.40234
51994.570674
215816.6454
47628.224529
62360.525397
58106.600025
72970.314731
178420.069559
196420.233327
88005.16651
193396.692843
82549.549
110810.712738
77949.543914
84680.916256
73769.640801
78125.424805
58854.325599
163543.577844
35182.547407
175089.07851
60327.368338
75460.117209
37167.201084
46518.332506
124247.554807
48440.952068
28185.34477
51481.46718
25375.823708
48587.046467
88303.131739
115656.100219
25950.290176
25157.829673
25948.326997
49697.929696
82339.367353
30708.885365
60719.592756
60126.032982
1836149.093682
27736.30231
36764.347386
87682.440212
151737.997041
29373.828836
257929.699107
58912.003609
253514.067986
17590.820778
132220.927256
55256.952732
31979.997646
53797.975787
35082.715729
41899.525812
35580.991046
55342.818577
114765.609656
71306.610291
19722.254465
21267.251067
37092.920979
38960.610218
141038.427377
25724.828033
40003.43378
200528.898555
174425.834617
42079.96772
27868.446955
35627.740573
73131.931178
78391.945221
42707.469407
87141.451648
1036780.705863
101402.473218
62059.945697
58181.373575
49465.385342
63248.363822
44137.612721
85607.280375
38868.100264
45895.045618
44808.799241
165772.519494
209175.665904
194480.505429
65210.164251
68949.645533
161475.657266
33369.168915
23444.415314
81016.14271
26999.41398
34210.641141
68625.051524
34976.881421
641971.800057
47648.583789
88181.540088
29390.518969
37323.954326
84444.594362
160910.173402
74913.224851
44243.982448
42983.597478
66147.835747
44661.236708
49086.423056
145321.033065
40130.952757
51862.700947
94204.729595
102836.606117
17370.289661
40440.875425
33307.859205
86998.017934
49627.393266
32359.783682
17049.623668
61190.260259
23654.087565
82948.064443
529358.229657
156814.343976
102220.386065
122125.997673
9678.827008
68929.694735
98959.76262
42334.612213
251164.40649
64805.526973
98300.162895
31999.414648
33298.642158
151522.15604
139415.700484
84221.552115
27391.636528
47543.930848
271973.472077
517607.368554
53373.7133
32249.321238
99253.681799
106127.066032
102420.776333
46160.462359
11402.27085
137878.674277
97761.785096
156673.662109
58218.117214
30961.609556
45656.715412
355927.390201
100932.393917
30939.590519
30510.336066
111392.905107
184317.933843
29742.162428
43596.292373
20059.489051
43374.983847
61356.92928
26885.401667
31643.405344
237553.491366
46466.497424
126177.758869
49615.972322
23783.052059
232586.25124
86890.581685
21370.2883
21817.799472
39634.410789
58129.153275
31562.07516
55831.266662
78415.836082
31511.891692
23657.893995
80023.744355
51080.044585
25476.855766
49094.447842
102172.244131
74381.121354
91021.145709
43554.671868
36008.275582
72201.201269
18197.96373
55581.504763
12401.328725
30250.651042
41566.403538
39055.687565
24884.973138
132328.47523
24031.611088
81344.587132
94636.9514
398009.672841
121452.140865
84201.307734
54074.144226
14531.224108
23100.970124
131032.199921
27749.466381
111292.262806
35014.702827
19955.005971
37140.67189
44678.405898
149367.208005
67627.279615
70450.933372
59937.557069
49426.51763
77372.779282
99103.19271
14102.570006
92883.175002
57090.005946
35441.484038
43051.154635
122860.425029
83549.15025
14155.368499
28521.379087
44592.538113
25672.425295
55375.634297
41220.596009
42034.42174
20626.28015
38186.602712
114224.64599
39618.791078
32204.663944
163449.044292
289920.646222
36089.444269
21341.117425
81160.068194
48709.737272
47971.809549
125055.009643
47135.550339
28378.876739
139887.940153
79853.281683
24920.348736
34879.607863
35792.302917
35188.969602
397334.476986
36801.697754
170085.779474
349486.714242
176569.367088
59537.871161
46551.649189
17824.411739
45263.218299
34993.205106
23943.002196
266325.889253
47539.388837
146631.054139
293642.779685
72725.482423
61315.211503
44694.022402
36017.369627
13019.385676
118300.160283
31501.093823
108856.74659
18857.939579
178891.562957
47057.126234
97467.607618
88478.44296
148923.090334
63135.719385
21770.170139
28651.991533
30766.938847
27685.566923
52617.467158
41795.698553
49194.94355
85483.926993
70090.153853
68615.862211
85152.673074
96156.076961
198520.742664
27438.568069
44368.125825
33273.615185
177427.194049
22939.166148
16723.382911
55933.185131
18485.53392
37385.995442
256496.283127
76585.369842
24684.100762
128570.61802
35385.965196
33315.505135
89632.890959
42579.887767
40565.381666
73556.62992
66687.848872
52906.91249
104443.696572
47633.060647
35735.150844
21106.64771
25516.38958
28504.130746
48433.349422
33511.976782
62067.333716
49377.023512
40172.884572
22689.164398
71546.497184
21003.555663
99877.083175
15361.955241
29941.863751
25061.660067
69150.174173
458677.889996
32241.020904
17149.062897
131164.54232
103156.24802
208898.269813
70150.312817
75257.174785
85444.114591
81491.408276
44197.361085
21761.493286
39372.329047
34287.769711
35090.568161
104332.755762
19618.840132
15418.588693
58705.441698
41032.019298
136644.723849
52113.458483
51703.95672
179936.859653
208911.784008
15475.334711
34895.391624
47435.209439
59122.764585
140071.303048
96258.767141
146596.027533
83476.426752
39552.107191
94212.139044
43539.964061
15240.14677
77790.558547
69681.036415
44588.012361
87942.122247
15386.079374
86727.713133
57611.952175
77555.942
57518.95646
17982.22091
91441.725721
39895.610996
23042.060787
93599.763962
30542.918284
16969.501448
36183.609282
38416.710754
55908.21258
336574.578566
94445.172427
43455.545361
35106.085814
62253.340575
12499.910165
39240.480101
18741.034772
34763.507973
13415.256011
61120.16414
573577.914625
136535.317347
107986.363325
46859.658228
90421.097483
26255.43903
216430.735935
50854.021195
126435.223858
35033.83641
88551.492397
52846.579273
32315.406909
27594.614065
143226.820961
37375.671408
98167.353623
37873.612628
188825.255277
621415.882036
27424.138913
82185.430283
97809.857873
53865.170996
33926.253234
18462.117083
50928.978357
57177.36366
76246.235015
40437.190664
98659.123383
181477.322863
29965.713157
46309.134381
502731.081403
35762.383878
63220.767641
89256.518646
36930.112819
91177.247139
248369.123507
46434.143806
96927.111859
113501.976429
61632.074935
85414.243469
79596.468971
70902.467664
35501.643543
105420.685605
91519.565796
31893.9832
67857.462737
13997.708889
40424.073752
24214.898527
67159.798917
184444.824709
76792.746932
72361.249957
54062.265459
30854.049324
60487.227951
38744.196015
20580.09526
43300.259919
30336.07098
166806.312654
51456.794462
129604.93272
12848.890909
98698.305361
51334.608771
51274.395197
68480.799363
37753.698355
16208.946787
30099.618856
81195.911268
197632.302606
30194.79845
76913.94566
443630.162049
47412.932625
657315.320522
43108.627777
112935.165485
15282.95799
26620.180352
63624.483826
147570.886241
57710.565323
13352.114709
99401.699605
50366.508222
93737.306827
107771.064717
52402.205323
67113.83917
40153.637576
91017.420636
52483.276962
52500.166481
46786.417491
29251.604357
91154.720605
34356.425909
70081.801726
60933.443374
66740.545649
124004.670522
135195.276002
52891.270694
45135.531888
45010.659174
44971.433291
69926.688576
284793.100914
90545.698963
77693.104346
53625.818562
54822.038793
20334.788977
25270.782503
388566.838896
70965.286483
207648.120989
36707.944165
212289.336667
66765.000508
61078.101494
22431.596717
71811.692924
264097.848852
29902.719537
4036714.533789
69322.034345
103576.302545
16421.074333
49423.574112
30562.748136
60780.516032
51523.766063
58996.566127
46268.019339
16185.541739
81777.885401
141525.276908
45007.593345
66232.002577
39394.242604
93223.821959
14990.842236
55687.446825
45084.409187
40547.740164
42601.175337
59986.883165
59410.820178
24477.575893
46426.916587
55058.810492
38935.923771
29294.117182
45633.623361
19065.361502
91961.604288
66470.75578
20509.928914
132221.192747
44886.44321
163155.109946
19637.026593
29623.45424
83890.941533
331127.084466
33780.931818
53056.635237
90416.715973
63031.503715
113616.206229
109720.921333
69899.383081
124149.876496
81557.041936
65720.411471
57957.484364
36210.091995
52288.445895
67122.855879
342238.566174
137002.9452
37220.977952
82491.51933
106850.760653
24703.061287
40353.596541
50699.779895
93980.272137
33045.52644
23766.272346
39684.121548
32853.197723
49010.289524
34156.372379
44056.038352
135856.346364
193222.875313
277498.964553
51324.848392
194445.86232
63425.833044
96572.213981
55021.322884
38304.055645
77277.558036
224453.421312
166429.869439
69599.32471
28596.168456
112039.760438
37217.453017
82754.396122
28815.510476
30883.35962
33304.285574
13633.660219
27473.074358
65560.380562
56556.569431
45877.612763
22347.854371
63732.640304
18314.838777
216498.329121
30285.659209
80986.80768
58779.461267
95013.329768
48447.39171
72274.776533
34143.716262
49288.424445
52319.954293
117064.680663
25254.268934
58628.633199
57449.082958
397893.682846
39548.413728
165672.177021
42446.275237
23824.824769
43008.311733
31775.71023
111818.277604
114640.860802
95881.298132
113302.176453
26047.335821
245591.481207
51165.951425
32178.037087
305798.589066
29712.506997
207098.732504
48543.790252
129943.586472
59629.313285
38929.414609
36438.752249
97686.538649
18775.942255
80896.493731
20254.919774
52205.395835
18062.744444
76605.987006
131530.72357
38211.514287
73251.549682
144114.655751
111275.212888
148530.058689
80579.116783
29864.747219
45031.021535
66691.767882
295146.587225
60238.802372
40318.754642
54371.846507
199052.023606
107012.642565
123249.712538
155840.201379
109272.697325
182948.791801
33457.829625
119400.796508
22373.732249
211300.179308
54493.549719
16353.198036
25213.793466
37224.468739
100780.2934
91200.798286
25032.9273
24003.929008
26338.536062
51341.597754
26948.772666
161531.800577
143019.684253
49332.930329
62538.426648
226438.941977
33064.590811
23269.237841
118775.332792
71548.286617
63430.10748
27855.072389
642721.689152
90202.036603
41455.164162
59091.939743
1476569.020599
36841.113378
52043.524712
109860.833782
54834.856871
25911.483571
37915.406731
15817.037215
146229.3064
119458.632541
26978.506524
104863.408252
20223.324805
43559.720266
115165.219189
61031.804599
102025.570168
37268.468581
64865.582319
41563.307648
44008.913086
52238.792088
35036.864265
1900826.857027
79560.604976
67599.541236
64910.423433
89224.610207
55712.750552
48349.508866
94646.842844
33392.700263
50114.689787
65189.018678
21717.864265
97708.792337
18014.407302
46300.744999
44807.335027
45371.228859
189094.147726
130536.611376
34411.024385
68561.951758
29127.549755
51326.309285
61095.064672
76189.878649
32613.772066
79336.775338
133491.014787
106900.931696
57227.158626
53924.046698
86044.452848
268899.066576
33570.305268
18721.499872
37798.675538
37478.837718
61366.787804
23388.473426
137887.893986
36123.944787
21515.566022
29689.202506
19191.293523
19787.950481
199418.555766
94671.029337
30855.122504
24366.976714
51383.972395
56826.840986
48211.022975
134228.661223
197194.952352
50742.714836
97514.547951
123455.283917
27055.092837
57986.665684
36531.490002
65227.500068
118696.28231
73567.157028
27124.823972
199826.132575
28183.782934
40733.847534
366541.335256
38120.117063
343276.790448
31690.533191
33865.330633
16595.204171
48212.589651
47204.686081
15275.121724
38958.570496
53237.616669
64919.351304
57672.487183
51075.088228
326146.73477
27684.939323
213101.859482
49793.466561
15325.927374
44448.554058
62858.818922
38445.868203
54097.681326
63359.022087
36632.878255
38163.644698
70586.909062
14571.663935
277437.885413
61415.296481
28986.534407
39655.97075
162151.796644
102423.678484
11890.388208
108413.398636
502411.990972
109710.197412
289498.516836
100081.223591
198228.849441
69748.935949
20429.433821
321880.979707
56474.371865
73914.472334
24456.076214
43830.637277
56871.22823
45255.7058
124821.508043
67648.483498
74580.940371
60198.75629
74413.349674
155327.362413
139862.824271
129882.576995
40266.888207
73917.131815
25236.051728
89785.947694
24538.074556
32479.193193
67394.627273
695048.316398
73596.201692
43895.390851
42858.983804
63072.173087
52681.770282
71919.431206
12746.662313
58372.693411
108934.827299
25527.621169
80590.266821
44412.703201
23593.474499
24428.290918
82443.225773
61804.820993
119500.910832
20786.324964
62900.635359
36367.50755
33831.232204
441498.935442
22593.050581
154334.552068
53556.161606
68257.073046
377415.999287
84732.978699
181071.420005
30419.668151
53160.655468
22851.428977
59599.815601
47613.485215
35323.831234
12987.893693
84926.859718
35148.360146
53515.452523
303855.495045
51301.1899
34167.532915
28438.927028
69669.624003
56210.998904
27002.060892
70433.482896
299698.028681
46732.647135
36085.616457
44570.067165
41946.90674
25325.412621
182137.239962
68537.937117
54378.875071
32778.168464
78665.740594
34107.866116
19957.857264
31038.375156
71421.569931
142370.349233
29960.832689
80907.16493
19142.386704
25456.506927
126966.716425
53689.502353
30317.483093
384952.834187
56614.948363
157633.957261
21416.327119
60373.803147
64945.589329
39838.669875
14071.026368
40064.875066
29197.884349
36749.723273
50629.569315
61318.981776
45941.744456
47266.146479
70646.069184
44074.832149
56411.959546
40579.898021
58035.158057
48707.366224
16545.120811
38295.196111
101975.294707
25878.759025
43702.529074
32273.359153
337060.193895
17780.896186
42305.259963
129605.236452
25761.512264
360146.227164
72933.376859
134734.987984
31591.682258
44348.967156
164328.404401
46035.251301
33114.446177
29131.238691
21109.388501
23940.224916
260356.578317
100856.450163
45463.50721
40061.557136
81460.521784
56266.92532
22130.708013
54403.403634
302102.61137
84806.593503
70531.678461
51155.730018
65569.696652
55489.730104
21192.087461
73783.272478
150982.843877
84944.317788
604605.487069
31416.509178
17394.051066
85765.608287
24295.494458
49036.703746
57010.778539
70874.79271
169339.743619
37395.586175
145196.527898
53726.350753
358518.684371
86858.958892
38357.656149
25878.902382
78955.099305
168413.032162
14350.121863
93151.320744
73659.828626
18542.853782
21901.07558
68490.900656
15275.725357
44021.799734
67402.041022
101970.719008
33306.120306
33954.112266
144774.133108
73186.426817
52728.132936
465808.188803
127423.30649
17543.40231
41822.87457
42254.640058
139458.684407
77241.252283
44662.308178
46520.817696
14161.935366
53533.593126
31292.537152
103828.990415
629366.91539
32977.091382
78409.45893
28404.557165
65165.296233
50765.642459
605674.996024
24508.98813
151777.237976
191535.182002
30521.940775
38452.755106
88685.398438
18681.361497
76985.211689
107017.279822
58408.078241
131991.641763
71429.234113
107897.468023
103890.325481
61643.836737
31006.05508
41523.330565
26345.552983
64223.970077
18879.730276
84229.479184
41666.276104
70923.470304
24285.953934
32708.152529
62891.294793
64747.377285
230954.514479
297083.536192
129785.431664
149574.380322
23686.760602
93998.637616
37553.668672
51257.378667
651857.215682
52495.477666
48103.549619
87634.006359
157953.598211
101245.95467
33704.796786
35838.233032
44105.749356
87022.81387
92465.590044
21904.670562
210895.668527
21041.077463
76487.764833
57773.094008
98546.311025
26336.058692
44655.818762
73717.86189
101491.284938
54986.52108
152895.149918
72743.547665
87666.595953
54530.642532
21583.793828
83882.65841
260063.665623
101713.851165
74497.850071
25332.840793
125249.916889
52178.865878
58819.451173
37833.317278
60902.677684
239281.168526
125843.651382
89727.29362
455956.953992
58799.452489
42940.077816
92683.049581
39780.631469
76686.88224
24068.32666
145074.892663
29428.904837
49018.375401
40209.018674
32871.608676
528162.195697
58103.327411
39918.770226
37284.798843
188229.038708
67126.23171
66898.199617
41217.10405
736654.007461
31991.070562
48901.5539
34536.820044
224033.338477
40347.395895
44319.719543
89371.521671
30470.866707
62674.438212
178033.818549
96266.603612
23830.066438
41615.862858
55893.964811
33493.642175
48477.454412
60419.91914
20178.855955
56948.89317
23134.738434
49134.900236
92230.210694
104442.673251
32220.20048
64400.239176
86837.079275
66984.766033
64146.176747
19118.042682
50458.315492
125062.454351
18554.457345
498126.731361
41828.862592
20280.981627
130504.552508
45292.266584
88732.448302
68383.482651
26109.04608
45495.029992
28907.317664
23952.082544
31124.404952
109142.622581
73269.298641
38256.331348
67240.197791
50903.674195
68326.244178
413995.61211
80244.213639
47960.473688
87513.993522
39417.857323
61957.195899
78531.884833
70120.494938
73317.789108
40913.985554
35592.0422
107607.763902
129262.006209
40020.030866
57767.554986
86896.456823
203812.746392
51847.626294
27474.129768
26107.302663
160939.625519
54556.652598
63227.940276
110876.646997
233343.042298
244937.845845
156963.221675
45008.276601
116287.785017
26578.650473
137969.168485
40888.58127
58255.061752
27168.988418
108906.588665
316373.536665
29086.763787
29437.863173
37964.49438
96004.220453
275499.903373
42848.568591
77835.477239
141471.678769
138387.686689
39347.460085
19577.955719
56296.379026
105064.969866
33354.881346
61381.236283
35566.823828
54284.758593
21499.962935
268366.009931
77001.949544
364277.796219
142593.881003
17573.959478
51583.605819
112267.659566
34715.687206
24745.266258
105204.941303
55075.112585
119997.661012
28164.300563
86010.856306
113811.732183
121782.750721
45429.665399
213000.33836
31603.668862
70968.577961
62616.864264
40786.744626
49855.717866
106840.180254
39739.270415
28458.312135
35752.281086
28443.163046
52532.240649
29442.744185
34884.043948
241973.896962
42367.809026
31136.314988
12812.214772
127668.860872
191289.273887
46705.554104
44893.882065
92708.66056
58058.32173
48763.102478
62990.059295
37869.700055
67492.653436
12445.272521
63071.27209
152472.044552
54419.008257
62392.096237
27123.610702
28766.474675
72025.075079
24558.343297
77228.281811
77383.435305
28846.371584
222506.944773
22764.906342
54862.732603
63835.603906
101873.821855
69404.25582
45412.10314
57848.41536
232518.973935
41912.552332
18310.281281
41044.188794
108663.804203
73757.233532
95737.889094
32261.709584
31484.249868
145340.789138
37352.823137
66797.276552
57033.040454
38095.5972
54154.729913
38022.448939
60308.350684
30013.437625
44665.826892
83165.343033
121809.346085
38797.901673
339597.326624
86690.15041
20358.129552
32530.468224
65245.337285
28812.812439
32973.182921
44320.417636
35255.148713
54773.504649
53030.618345
20757.788741
83073.987803
28895.858867
81844.228183
15663.670936
26617.386908
38758.300076
29020.860819
107559.155966
546960.621076
46962.787565
100166.152756
72518.785952
61318.940659
39942.057188
34804.156301
75107.508162
135861.17352
29557.218327
92574.30276
22670.774781
38676.727108
72971.593164
36114.746122
92949.404826
69702.436468
21134.05181
52042.481779
66971.784671
127786.317648
35169.131998
65687.052731
24924.957661
17676.604192
31701.825468
115435.646523
85163.797205
251214.771771
71713.998642
140989.318146
93951.211493
56430.853866
229250.423789
266432.168016
73035.00914
43950.583525
51268.064315
34827.505161
25486.511224
47673.891423
235338.140954
28350.218463
230046.58599
316728.59199
19553.954948
57867.035151
49839.736273
27524.692819
22126.737754
47907.694126
55343.617412
20217.933769
46887.897961
19009.250985
150795.114484
26531.157188
190222.683853
49967.049277
50191.662312
48884.353024
77205.996089
293762.76439
35291.111144
61254.66192
110418.834773
43749.014754
44470.413264
24288.172649
92692.655142
124316.725752
67618.189414
83981.2395
42592.981404
140189.141317
49154.71724
99216.072602
33201.485566
44617.340093
60697.76762
15477.661379
60157.17097
329891.861885
24770.688937
48436.729812
28027.850038
1974816.579342
23237.289589
33620.742258
94530.824036
352502.432469
18373.482435
33189.219136
33262.23414
58421.163299
72804.836608
30057.967355
101951.464553
41604.435244
29710.021839
85606.380356
247389.300985
44119.486859
46000.353873
67333.627486
31738.661089
62967.957967
48837.668853
159277.255014
52615.526719
29582.947605
71094.948852
90186.929065
26228.993309
140226.208617
27161.549489
22574.32005
154310.033122
59749.510153
38397.766223
55489.939332
112512.160301
61604.723057
77214.971842
55254.10781
64775.074314
88521.39791
50854.012061
16503.436791
40160.698391
213993.068136
78914.188507
27731.640825
179047.067137
65032.083314
51244.837896
67792.043001
42854.229874
120941.684929
16578.311703
132374.097432
75387.89217
36497.930532
18767.303182
35570.637711
58427.835398
29561.470905
101131.514286
82687.476101
38452.439233
56177.829018
18110.101367
70273.251301
58892.749311
44481.963096
210800.502532
80003.566692
38118.472019
35289.873613
36795.453576
94638.212969
68397.356491
27895.079886
38945.756024
15504.270493
102661.31943
66857.783409
54433.593699
40005.708127
35311.266736
61724.234522
28616.168103
71684.39126
112353.054903
150641.248466
16403.670496
41912.743033
86069.213372
113024.572112
136073.956833
34632.694101
26926.173244
132299.418616
37623.913326
35151.998644
120953.141172
163058.297696
36595.792068
108676.761088
82812.597226
90666.360714
101454.440604
448360.103532
15525.575413
44758.526975
39387.169604
77441.568032
49334.425642
54260.072499
35760.388222
158004.265633
29518.161742
30619.52915
57587.747866
26167.727411
623420.258102
34253.417904
40906.983177
333753.350739
132071.84008
25933.314589
138007.97197
174533.958101
53379.989943
152609.223714
728489.852475
18647.262602
85647.40185
38695.819087
413589.39629
38455.430613
18883.976361
157364.675711
60228.729044
88703.86044
14543.076163
98096.919109
61387.427803
35989.659648
29504.948491
60973.917904
166074.424516
52834.696762
74122.607553
235939.237359
43636.739358
45563.160164
134484.929418
65848.351576
36331.391095
46959.852974
113648.796618
108067.112662
36604.886146
16163.00943
133032.902443
26639.257064
90225.226597
105533.519263
29535.513979
139945.866472
44668.246975
15464.380742
103908.711214
21203.470085
85592.858336
98423.237445
13320.13724
48364.583414
41492.695103
14931.790655
90870.831747
96073.628303
16892.94882
93872.205348
210106.938594
110208.059019
40587.612789
172813.013941
49205.909239
225062.156488
314899.089877
10619.819266
97364.70727
50433.264362
19764.094596
165445.48231
42319.851802
54626.963052
44657.933238
179333.120028
74493.121753
110798.36496
22851.523432
39713.916456
19677.717245
17163.642755
38078.12408
30944.881063
26937.899788
58201.07682
39810.128462
169363.070023
95223.300565
67219.423992
83148.998102
15521.894151
177299.183332
42839.187513
42825.235824
21030.740337
44281.251569
66976.768298
236773.768404
31755.540227
93160.913201
43589.063143
57980.697614
23302.13557
35966.090818
195231.691798
209805.042512
37936.32844
94662.514511
60908.258782
33543.300222
37627.722013
25737.441721
33762.780878
346293.736362
61651.073553
91707.404955
345833.987814
37616.747919
35003.05318
158536.185395
58071.577252
188430.667037
96544.586921
50236.036986
126485.918276
49376.887197
89628.112562
46505.65988
134036.443909
62505.00764
23882.21601
26630.361554
62781.55532
306674.138237
93677.792243
45895.872884
133511.706244
32779.569896
48195.335473
153381.025833
40567.331765
19364.675187
69209.37421
66761.01106
32690.171374
24056.903494
54661.511713
18863.697619
12307.352451
76230.246394
81406.386626
22747.57567
263673.507483
83689.71956
65300.501134
92676.558756
28982.193259
29803.408814
233556.343801
55063.344078
326325.210458
21702.232366
199099.983268
27537.939729
110449.233497
115160.876032
42025.852067
21355.166977
57750.023189
47205.183541
61357.797321
60313.711054
94546.53442
40476.366175
27766.462466
224607.6795
25062.314268
1938490.378351
42897.331815
66785.607872
40519.261781
46208.256763
48085.125562
23265.3681
252384.171265
42436.162483
130271.630001
27004.320059
64682.529892
17997.340292
61310.876959
33647.052801
28276.798971
34945.379412
81767.277204
29470.27293
22515.81399
57120.096579
96455.792372
49265.562927
67154.363141
75113.907752
31254.856875
24886.276592
48254.217104
179401.580922
39833.820545
372917.481935
128124.627715
25579.697689
37534.67843
41964.556705
30152.570947
84754.087702
41222.593384
38101.282226
63318.592019
57076.278659
41928.268372
143748.460736
44457.07846
38668.150952
33271.055982
61309.331034
55207.19654
40271.66128
64582.356271
56301.01538
161182.699405
103230.083978
18273.66891
63448.447945
50847.767352
22298.802451
95216.170507
66243.773148
45395.267144
450566.623792
91142.735902
43400.783951
64286.03602
25424.511999
43292.706988
47887.271714
296116.051651
106040.573978
156646.618662
220438.133538
44064.339854
226118.495717
20336.557832
53340.706702
53858.900359
42242.816596
46588.073027
44483.303574
94671.795155
108106.467577
84914.985956
116345.145207
134221.232475
120980.109553
175492.699609
27347.738352
26968.250817
65265.704642
120934.068568
69195.4697
135168.415822
22955.877828
70164.731901
75836.903352
14516.623906
68657.037662
16574.257638
39777.554155
189572.75249
217248.940529
103716.237404
61142.303731
30855.256203
141412.795904
155633.414177
34207.707858
41756.651484
53511.270689
24830.244052
15390.300566
105403.830406
47443.668903
105311.724741
148651.745774
47915.494039
118336.958001
51742.372205
52306.626842
39147.24387
41253.542463
275246.542011
98273.239652
148964.197268
110828.982808
49611.548218
32998.57019
104577.745001
17173.723434
29831.347015
23308.843261
78802.100608
38840.812677
30293.991052
105520.322903
124850.269001
692730.052696
71066.077163
202996.900648
84030.640163
20117.858391
573392.954417
35732.224874
50417.518573
27479.271609
140376.753387
79933.629504
95982.833475
37935.694555
89318.502214
50861.556078
63832.27856
217682.021554
52380.709737
343054.98672
18483.855581
64010.788034
42679.075335
209679.949377
12564.9835
206118.952565
19229.9749
143629.466765
49529.714806
62681.063073
44380.767427
47692.392374
93152.523084
38034.494018
105857.0275
99958.135308
56837.808336
92891.348036
31948.794711
27105.892579
61921.165006
38789.465792
93491.766928
98726.792801
294537.878062
10503.628527
55535.224857
29164.997713
42062.794371
633907.328098
11870.78874
199956.745558
61800.216406
19336.03414
194478.731734
169813.589553
103480.663228
54306.048676
281615.502594
134708.391966
89577.265446
149840.158223
25240.925171
24436.313687
26693.930035
206740.415114
21653.625241
40057.745578
16961.418625
27150.60643
29579.585501
81234.681122
63383.968088
68016.602297
142926.629934
82712.254437
526181.820027
43896.755051
32994.221239
96167.647694
85717.78226
30510.363208
236092.849063
21837.532621
14018.995748
24458.946715
33201.468839
24107.73248
37450.698796
38739.904123
41469.417805
64840.589925
48492.088475
52636.954552
84814.756735
152937.454733
60461.237318
80044.047919
27994.428974
100761.854806
73628.012442
71194.420924
30101.942799
251375.131944
28009.982719
80525.65206
35701.518791
58911.575156
48024.673798
45807.360635
79384.559503
82546.097838
30004.10014
64130.313873
207701.232822
73862.130552
128087.95729
37476.716667
336897.463834
15727.131758
36493.062892
762347.117616
39725.261872
39786.944552
355874.058516
35916.405138
92367.023694
48350.664224
45914.209497
73560.344117
37680.135958
36033.565652
94269.527517
28398.508854
27109.279825
110731.162635
68168.468494
110005.720572
60442.649267
417978.061226
93573.914726
37034.972439
91400.082188
25509.00087
81666.782493
39064.163053
650191.529167
61072.161849
51770.697551
28621.184298
178346.999114
13577.718102
24274.44204
36031.357676
57975.808954
28176.404845
135003.507495
37357.578136
118752.588729
16973.852947
22819.142605
57715.533042
28223.812089
66077.139696
71213.815836
25662.784737
30403.006112
36310.809144
79935.461501
102518.54109
140675.177664
26346.098142
209635.345347
110990.951445
82289.55176
23274.681897
57996.192239
183967.856222
80568.571076
71476.950858
23081.868061
1385804.949808
20530.899931
43656.470146
62242.063312
165941.014697
123512.304796
91426.852101
85571.288178
57895.022675
115084.127784
114359.906999
68018.936317
395566.681352
55898.797209
38322.710414
54870.753702
15318.582827
46159.121599
29901.689667
18839.770126
31367.109343
137923.194014
119641.884659
28642.952056
388973.00766
160263.078135
24699.802079
331180.409671
25865.5122
25953.999808
63422.223051
27272.843687
46225.394295
76513.052637
108423.304522
94309.480468
181069.277566
35386.654468
27911.937377
35402.240404
47954.500172
27497.7813
32863.582163
113716.942915
145414.208475
65648.628382
47186.20236
71343.43835
67727.325651
41836.687844
42297.244987
30596.183498
46837.069356
70985.889624
95333.007355
139702.122922
55160.262099
39930.655783
388541.353108
52014.799052
53982.829248
39351.296963
86023.225792
58468.833318
77638.339427
47426.624941
59185.653394
44319.200033
89554.57979
187486.609679
53073.425809
59104.771842
114966.417607
127128.404314
147338.231333
65386.686335
20858.115156
253187.277871
40898.318597
100980.71935
29927.353836
51309.85149
171648.254512
117109.969568
181420.69373
21587.127858
30374.855427
852369.246004
69229.648484
84668.419033
33327.128594
293830.054111
60441.801478
19385.175103
28185.186565
60733.612033
32778.168754
140164.650852
136701.430413
34294.277214
26973.245519
37832.230335
69199.262989
53043.405212
18177.783924
43029.996695
32748.968891
33036.814311
38869.017114
70073.939464
67398.59669
45048.542785
17923.880771
24719.939812
46511.531295
40738.314865
89348.344232
24057.834991
52894.583452
95717.189504
60353.333665
36750.939052
21461.52553
96632.249599
83808.760782
211109.395489
82833.86163
94017.81907
37550.032171
263901.189994
48248.874401
20472.254126
33704.947933
56836.501668
55846.720104
180234.84306
105697.908184
41537.767481
333387.734021
37442.091311
28372.848908
23980.110455
153903.818143
46643.02142
110812.265271
26891.710691
34857.976931
48386.633814
103183.771777
154120.999162
101489.446975
41108.891614
364387.04269
35187.577554
51595.750942
28804.651457
168418.21545
49284.220013
112284.725846
134878.712602
83136.35954
42415.007257
60428.557925
31530.250534
41557.412681
135398.168758
55090.979513
82344.018696
34539.799995
155969.516804
38509.308992
94041.786486
18334.541487
119182.10717
20666.172847
29383.988594
94943.154473
28541.023388
42621.953139
35423.034149
66303.03271
44629.181971
76620.340812
232365.847445
32906.793559
25995.475606
58109.891276
26406.793296
116040.251457
277853.14953
33598.297752
84185.2767
106897.692074
34745.519786
62759.693438
142903.659277
59932.583591
100335.8177
19525.66598
33932.225318
43722.470698
65557.165643
154815.201148
11144.486574
292170.349168
22943.344976
75248.889395
106452.143108
115267.625033
36546.3757
65424.846254
69979.959056
174807.772296
62133.859986
159639.101917
250630.076176
79530.698642
36395.689629
20957.152723
57507.500618
119064.953926
49015.612837
38930.287333
49792.609606
38545.723181
44790.789175
63293.697126
80091.861159
75583.2059
31896.040697
311189.611421
54224.492297
20574.324552
40341.789468
61795.664403
151895.950499
168515.969137
56064.851949
90860.051798
71620.717566
71718.879075
318330.185628
91850.795242
94451.806338
91732.346261
34167.594871
27370.826065
89796.222138
55267.773049
485338.810642
26306.583654
43785.875065
132697.492101
65346.851016
236952.314791
225631.755922
39637.230694
22182.076803
107578.10164
448750.269943
639090.124916
129615.3303
28172.340376
39868.128584
58170.529142
203530.392288
155506.301239
46673.443623
69441.288427
67267.124382
114947.183182
93056.964409
58198.396262
175532.426442
74379.515927
150145.411367
234863.499594
47741.610065
73210.347009
10027.334656
28617.105037
118498.792554
25404.538972
49742.044651
51862.50744
1191402.207091
54787.872701
55654.180874
551772.2695
155681.435457
30281.272655
49457.703163
86044.185313
165314.75784
37813.449441
119827.230604
46232.175298
25378.035818
67313.304786
67014.3486
20994.583513
82079.406178
50931.416341
84320.498643
281176.4738
13765.415658
125023.295096
161753.588253
213359.089792
144803.957944
329143.379901
33891.002622
30004.2477
46697.453326
21694.021688
44011.034392
34083.007673
8794.327002
22213.714144
48110.026674
123227.674175
26559.36988
35104.197491
87610.815263
108378.528756
40946.268983
112607.321719
15922.515368
90400.375571
50487.141
62285.082883
80751.700077
126703.613583
60175.305728
38249.810285
31343.732547
15457.648315
27564.153015
66722.31751
122607.592633
35090.852973
45692.130861
17141.764695
73893.672227
46248.027588
206082.105008
100949.370161
30309.175368
130929.527239
102799.051221
31427.438439
31262.843793
44638.083242
103580.326875
35758.657177
48137.798638
108024.387033
27414.416973
27858.730304
115756.132019
133780.053251
56267.376705
84907.853079
79240.132882
28348.95687
23055.327078
17107.310386
29071.884673
52616.646586
129611.746453
252222.699213
92172.465953
58313.462683
61252.864566
21026.457495
149411.25737
24858.744601
127188.45785
151756.581437
101325.336704
78481.469799
46459.630605
76117.057901
168654.090125
204791.730823
1067652.00196
441455.973809
34194.723459
195615.242462
179715.612713
51348.012715
161018.01366
85929.620523
95260.049242
224611.468774
27613.869792
164927.99202
43913.110929
217942.0376
236097.76676
26683.154467
82730.528843
139901.155638
226617.939695
26961.028326
25840.736236
94788.976924
149170.827046
89752.729816
25837.597915
41576.445536
78508.686519
61985.191421
432255.344439
51858.414633
332262.007527
72021.335118
248908.430242
110478.595156
51356.545632
166691.168821
412987.725176
99437.504681
67337.899642
36990.906186
58059.915778
60771.617606
415962.023176
70827.624865
81862.347401
40867.793398
78204.384358
74395.170318
39862.747954
41705.45024
80726.81744
261086.91677
15412.44336
71378.113058
149743.169307
135740.083298
36765.99485
165171.103078
51960.735858
178157.920916
50436.068441
29771.37339
87219.422627
100233.845833
106138.246386
264866.621393
49304.547001
55199.865941
61951.251019
28530.047949
105454.029614
75575.728855
139360.24549
414949.835948
74862.196912
154779.763227
247040.280936
15741.063691
53625.887434
266805.859082
14363.164813
798040.768924
400855.018162
98168.160157
138463.850236
51419.841996
66036.561362
41456.278393
22169.695112
90330.700012
19179.337374
44025.010469
85934.977855
34212.124671
44768.572777
87464.567449
59791.197763
96226.070158
154889.338706
26466.838631
49231.612452
26382.115424
44081.040143
55679.672977
20314.316818
61920.86682
19125.617347
279535.131886
51211.470661
55312.729152
137700.160398
81291.632158
76058.477513
107049.241215
19608.350332
78247.217037
407486.461489
26572.580848
40077.403289
73156.808063
47393.088187
30968.310737
30847.691556
17618.71746
84488.459764
42869.401829
40184.5813
344399.134888
33643.158358
13156.42605
53099.462496
145586.701884
125435.165368
181142.226531
92775.563477
68254.069927
98637.148737
75550.221949
64460.766469
60797.866891
168222.098881
26406.190565
69639.620565
113440.018147
37550.332765
29821.934443
46730.68471
129113.035552
22434.839992
78586.843153
60162.429797
28813.449255
33292.202664
49852.176452
59190.00257
62033.291993
28818.621101
20882.788145
36179.142642
105493.063961
261971.261221
20636.308295
35730.400838
371594.565696
70295.647372
71801.226546
44933.059656
92612.93662
60955.604534
108083.554681
30629.032934
94177.359556
254634.537511
23108.162552
26548.985656
35354.346198
66932.8088
26286.657092
861164.472655
35926.76372
40917.825567
25216.363168
61247.056359
58879.717666
179012.876639
21994.53756
192149.90359
69847.646043
33400.809793
94070.884337
38006.380187
18962.307141
57788.026343
51792.946926
50122.161043
17547.214906
61539.878529
79250.936212
41310.238047
21149.621507
19164.64156
107372.270824
45824.987752
33893.998065
20045.367339
28821.837406
68544.683517
57052.452857
29902.61147
149622.07293
53589.006523
116610.603374
57348.461166
123954.351572
60398.201063
254931.704732
115516.769269
180416.855513
37485.618325
16659.073764
225888.33747
68326.242756
36968.249409
36032.097562
57858.937312
43431.375874
176822.445779
106216.096057
79791.757814
76058.267577
175540.577293
17252.12989
20420.83154
94970.910889
16188.843503
48828.309012
215132.416126
102030.053756
2131225.336015
108103.777861
50783.021012
47984.159632
27743.657251
119138.301426
30409.844824
71870.180958
65201.287241
111213.214573
131916.0205
20565.53361
93963.862542
46144.834197
36399.570193
973270.705109
153054.682273
81285.348087
19838.907386
135428.589557
60749.028211
48930.793517
51379.640159
30412.093423
44381.184948
85172.813255
103688.828756
49702.942763
14713.915044
35510.751591
25597.567392
34094.737713
193604.272825
532658.622281
31555.171573
134908.070463
50164.470903
231618.348066
37035.860004
39850.529672
32926.305993
34256.795564
101258.432054
58842.497627
231397.944935
58236.329737
36044.007636
22420.847509
77861.299444
46889.662061
106848.285382
44943.862205
20599.428239
39577.366544
91696.249277
71416.256355
363869.225716
11210.634482
656666.918104
17513.254133
38620.180593
171918.028674
56753.430643
721578.615491
25932.92588
67858.350299
32575.99441
98737.932606
105072.975341
57308.29936
32889.215073
49600.865235
94036.578384
32458.414935
114046.141336
36358.375806
135290.576294
638630.047138
210093.347454
154523.886412
69426.306099
20957.256906
90281.805224
25716.915275
43756.170563
19585.038053
64860.764394
104488.545522
58771.872144
129317.718924
164513.02565
93027.025454
23723.290381
23609.342353
54837.462436
103771.862231
42956.157548
165391.026053
16610.16558
57941.30505
41405.230608
97748.824502
21337.317841
144474.105998
118316.350122
25962.788592
167462.660888
113888.29245
114335.103114
119199.015217
38942.965431
59185.231265
216342.160853
27737.076216
89506.525266
152881.723874
81103.612254
21285.07504
18083.125319
30274.547355
36074.925546
204088.366702
60500.722534
53345.30945
212799.267816
20438.131722
10622.964864
55595.371807
21124.664575
55486.093604
76865.931999
65126.74928
48942.145256
31749.701589
28452.782625
38474.900716
92620.363746
75292.026905
26134.952387
103156.247795
267583.922831
43903.481848
33084.486626
57832.493974
1340639.139677
24162.530875
17559.373709
25284.930286
118652.845514
31439.956712
77127.353112
61417.282182
386377.842321
36705.863516
114274.436014
40615.072632
31467.162758
62515.238156
127205.267866
35860.149529
45223.453524
49859.746459
12451.553489
27813.429277
81623.818159
117794.531112
34635.518409
42029.972461
93986.256695
31743.819477
139582.676095
54149.017496
513005.756919
92023.949755
35428.924655
104573.98898
40508.022013
26451.628397
159655.567414
174536.556978
487954.058788
26830.030629
55140.795571
59575.781715
12293.647001
145678.89266
25652.368791
31023.252916
27363.19657
53640.102725
27091.063261
31007.186892
57163.042873
29952.804829
21041.24774
91393.436691
23358.086659
338885.928016
58410.674946
330124.566656
44290.032551
40889.07555
26803.322163
59979.2983
140360.351359
22093.583594
27723.325323
126191.948357
24755.327066
30709.394364
55584.372095
93939.0998
33613.736083
39196.16639
78478.048484
44952.676822
41759.421746
70320.084038
54924.299685
49614.55521
68943.332269
90273.649466
94747.546464
48891.843228
43900.431719
27662.54472
54497.060757
199986.036759
140366.641994
39664.62204
29929.028213
26922.877187
23135.760352
90668.406704
16965.963098
24740.647555
48933.016038
86656.104291
95971.594086
33541.847706
102862.503906
28177.5672
160936.105745
88736.148415
104646.769277
129145.63585
276899.794173
45938.974116
36999.797974
405677.810237
40820.151923
34169.271159
325357.533577
40621.471792
51323.2337
135168.414434
17445.226899
15032.887511
24067.870336
62334.094813
81478.783322
88951.849399
49088.768714
105293.268622
34030.025414
48254.944948
206080.47828
11383.813426
94875.209822
45070.994246
59365.460484
71919.731332
45824.358321
23946.876184
89543.76768
68099.865686
104159.172582
73941.587138
29141.559166
60755.460888
59301.39187
46470.370991
22903.116821
65752.789955
31995.293606
26635.580784
94060.30029
53864.910963
62317.703752
10527.799235
29755.68856
57375.674593
51340.837195
57879.411604
82697.226176
82851.925215
40782.484666
77309.075836
75280.187152
52957.972139
84338.588214
35304.200757
33932.106099
717798.213901
55242.876136
34942.27082
227689.450516
58809.866132
38801.813816
55841.186768
192971.389911
44945.150329
106987.927061
25952.734388
123842.0165
159696.109824
316346.160093
43565.987722
18505.831291
409414.749748
57048.570876
235460.360277
27413.514852
126851.197341
59836.74995
73498.716348
38077.778054
24164.752062
35660.596718
471109.344518
35806.950623
19676.163711
63309.088475
477229.264037
70743.204164
25315.223685
34508.53988
25373.486387
702581.361118
41971.567861
31022.120938
25761.263329
22372.897962
37272.221099
43943.463955
77833.435697
48348.127641
48784.421564
67332.22638
196298.041894
73969.217678
23438.565522
87453.799654
40197.41895
63884.848268
159912.337638
304103.536369
46787.522532
264790.048858
64009.094157
26127.656562
129188.437321
99407.871674
77011.023812
48079.51968
127008.401214
105661.566766
320466.597702
116309.831191
186350.417379
15024.795202
33905.886626
258375.98781
16183.11682
27999.220423
113681.719154
28894.892285
108533.640524
35206.66655
52244.357339
62206.155851
35849.476967
23426.825466
48422.759639
37799.088279
59360.355595
29273.678833
77962.930507
23714.914541
49418.017267
98492.055308
695830.319009
21062.010962
102765.756736
18710.047847
100547.324997
42962.634655
69924.386049
17170.422114
15002.795169
127857.404187
42447.638727
24153.140091
46393.612877
25556.393154
195493.701035
135294.362025
20095.855335
34058.803714
39943.834371
19885.339807
55788.029636
19949.686413
73626.069036
239880.355387
76987.392185
36054.447379
515752.368863
28546.000306
87676.626451
104979.84987
400801.631421
84333.880337
130426.716539
52575.796455
81785.699016
43172.451563
50246.612441
205447.851064
36896.991557
23794.827534
262353.373201
828235.113098
80595.816681
33000.239369
82255.391696
27767.450113
59194.516103
138204.034914
26732.286218
96936.92972
36570.551718
22185.792847
31491.913595
111938.246286
26305.653636
67749.0335
90064.050507
119290.560997
24504.151905
77275.953959
30947.37384
225065.705927
218686.521253
45128.742642
39139.76469
170378.603943
78234.954768
42308.68325
29119.948143
24060.301237
18604.230951
30833.604936
237659.622894
88227.359017
56241.004445
76103.13746
181815.729208
38251.433222
33505.233366
72351.323189
64437.896111
49496.015395
41853.914154
60720.322873
44516.370508
70375.44882
58000.631686
72582.697416
44415.808301
122097.113593
35709.771634
39508.584592
66575.324425
52906.533321
48863.81815
33664.657184
19860.367084
82397.541668
25357.816676
193971.690575
333551.573413
163122.168259
33496.519013
143031.487656
21718.489458
30277.480133
18499.834854
65041.879367
54058.340356
48696.2688
20898.914721
28788.062086
33810.460331
47077.458052
45023.911524
158960.012975
81582.515753
38461.041097
53416.938708
65844.346539
41095.12387
73611.870799
42480.30111
84528.716149
146891.946775
51405.207135
29874.834923
30439.730929
19130.466591
387067.428495
24579.783553
28956.532427
132539.466898
24930.085439
61851.188324
27861.047259
45734.691232
91645.368748
91120.211801
46090.846098
362151.600546
66089.714377
55905.567524
101089.798974
34446.769454
25260.006956
49567.663117
28107.396253
48605.188027
35503.100458
66045.812358
36272.63266
81072.701109
20299.00537
124324.491682
24552.934003
31354.681749
44906.934071
43452.465525
12744.649909
25050.066198
34625.699246
68553.540914
52124.029246
28606.852995
100196.493899
57844.568193
69152.19454
55314.16008
17592.913323
82665.401161
114260.29002
57034.388108
72327.468238
78708.648616
55114.672382
18521.456883
27047.558694
48044.648535
28831.282097
51676.363464
136351.616433
127344.622503
32325.166122
23380.017079
36006.999157
42695.598747
40540.422662
396955.351813
18413.085692
38639.805835
24349.627727
155876.948033
113015.745885
40141.875612
51645.789679
118601.709525
25502.220074
117459.282883
79400.144708
35655.955172
147525.015634
27837.178826
20615.46578
36932.161812
61862.695708
55350.094611
64459.364896
76633.819239
173598.212584
49860.700052
55176.474622
117670.376119
49734.322246
82291.431707
169314.201491
35807.81192
52679.30401
20915.06947
22293.476934
76408.41654
63417.353981
27455.393949
83516.630118
13565.566232
60127.511341
522375.282181
11523.884343
45050.663817
29845.270442
80956.316109
88415.795192
16626.687965
59889.634332
31647.193315
31498.617559
357862.229698
51561.613044
124326.504593
54123.642059
92425.726311
30235.341183
20077.768557
143617.315239
74177.375779
89323.951927
90804.131575
54961.12509
146914.095287
79620.401137
118572.736766
61745.120359
53233.646915
744040.187049
407598.658185
41313.272181
11070.199409
25169.881806
555542.569631
15426.018426
18036.251017
115750.185473
114973.522516
57730.501749
44798.80516
168965.68116
92566.465957
300411.641602
65840.756302
50598.036656
22784.435431
48344.652309
71552.608087
67303.055396
40263.015479
55176.687741
29916.615198
65901.097224
37506.1162
47071.887834
128701.515702
45854.491533
34343.443291
33051.871417
119787.771067
37309.289278
63831.545756
101667.427362
74887.966789
150586.342297
41112.094469
45491.472997
342417.104338
34097.746653
20926.302872
42768.640393
79648.27469
22581.493499
57525.278539
68949.738243
71559.150491
140454.922176
46298.216611
153664.935603
60803.491936
83388.545879
85497.15186
74610.978538
64844.518127
49786.507826
96785.827325
68440.185614
22305.968039
85778.5473
75746.815539
37229.661398
43399.240461
42165.12805
42265.923855
58706.4092
37632.509228
37936.208301
69909.591224
493530.048089
249185.962546
19199.295911
30701.996665
30854.027313
39211.751961
20081.106462
103048.856898
24501.596005
121226.290525
130641.862313
62408.66531
38968.730161
44826.569298
77804.01771
22974.98192
115204.144527
35738.631086
16866.323772
178803.69003
31843.059767
131639.187842
25702.671436
37706.459049
58263.977958
33586.938628
35125.450338
51552.140061
225819.415156
82741.83162
208618.869951
42086.918597
37502.879344
38566.412125
31243.88161
88468.005089
90098.978075
57659.333852
9830.271694
21762.183757
41519.195198
193662.412993
31349.852616
22986.866279
88482.124988
36762.653847
55283.57725
82183.661253
48119.798884
39924.105635
360430.65893
30358.454794
79805.858165
46466.230517
51781.561594
24214.821369
176708.013244
32916.869969
17589.704677
28193.638326
82094.943231
51306.420646
33015.509768
75186.116959
87652.055936
65629.68354
425385.413448
38152.007229
146035.322475
42356.661597
122951.418177
235881.064216
80440.457957
26744.728133
24283.496022
33220.030127
40991.970931
1203519.955459
265206.939216
59799.203114
79292.382129
47292.879195
29690.626162
66405.066831
81601.308957
48959.827756
48521.784227
34556.558652
24233.446327
117978.353288
33107.404324
86900.268417
73868.31294
41712.029061
19948.08488
15187.341731
279535.783674
88382.800792
61105.610388
198181.595766
41325.725017
121136.906811
27053.715759
41977.845904
113552.373972
55223.550042
23391.364367
564169.776952
102895.987595
33060.244804
63060.61487
56843.134339
57476.450602
76283.247765
43841.271945
54436.101692
67243.016082
58613.427983
27962.454496
19057.240764
50369.026259
41434.145379
61092.823835
32715.725229
44624.267
22307.141924
40869.574355
121987.158243
63512.951912
58776.414263
111515.063
14529.241577
36884.829953
41303.281854
49400.187914
92631.267651
42722.366737
46823.332859
73541.783614
14765.752983
33562.573033
32816.687629
13670.186171
40355.998453
25678.819597
102728.834145
43437.726593
108726.761743
215999.896248
31057.685674
25066.560439
28432.544382
50021.962331
17442.847413
46518.616011
65412.074526
54974.180288
151636.777005
51762.251382
168133.97328
50516.626771
21736.510323
59373.433789
19776.219145
41817.005246
36229.207796
84907.040079
109498.270475
22673.301049
24393.678991
331585.182406
41576.093486
33802.676999
27397.198428
108723.163612
43509.75475
87566.337041
20777.393145
73493.182386
47384.044953
20068.305316
229388.89903
90897.220218
91679.259007
53951.737437
63334.459801
30556.717853
81728.996131
47414.405769
91386.438153
22847.801509
131539.840444
23308.223058
68484.920121
25468.49794
18852.175516
42942.616215
177844.647986
199267.678649
35641.508894
36022.848152
61436.82924
14935.581054
38464.075016
70115.573334
93180.960394
39995.229586
48836.863691
103521.803942
41180.309935
71531.21507
32253.635118
42766.711499
110754.415144
98679.084336
61972.473811
1274081.138268
48108.115581
107243.426326
163129.183944
26586.66673
40984.62345
99797.670051
38216.068794
16774.32391
50558.35261
64428.206142
83753.753494
36202.291958
47526.176777
24026.649732
46507.006163
268495.365155
31954.410603
321293.137221
158717.818628
26426.203171
57436.322545
25950.434541
442491.207881
78543.053299
85783.27864
184854.582122
87828.041415
199536.736869
29149.942225
27662.537577
115168.977953
40384.410283
115015.448407
67145.355336
148687.664039
35397.752145
23410.605448
14407.32079
28423.991082
106194.140856
18389.683314
49777.39032
53247.140411
33777.041412
50822.443971
18740.465396
112029.96833
63520.519742
47775.657979
66877.271915
225573.428639
64141.654781
56190.832002
147555.898006
60655.821635
36145.146615
134593.137386
20125.194284
31225.83697
48729.858602
283828.365079
274812.377568
51036.26846
234439.486656
52782.652495
33060.765663
18465.145948
211449.1952
44603.127115
19813.738208
35436.059232
169315.599338
27185.420166
147786.977443
34440.558321
99222.407968
65243.586429
64209.739503
126178.885585
33373.970023
42731.168264
35658.733504
48508.927899
47217.648347
191098.420123
24776.841499
170313.537962
31054.806308
215490.426337
18935.808428
52721.071238
54912.839461
26267.204527
56400.125305
46974.31633
65249.604596
20751.879695
69893.233716
20970.001996
98517.65021
25182.71053
84888.970774
71520.516189
18853.688488
32846.616249
59218.761007
89265.476065
725452.109188
29611.519606
33297.430376
48147.533449
126281.204135
29605.490573
38100.330555
1271177.723369
58253.395503
124388.621873
36196.853857
65854.652332
33892.786548
68011.538386
42814.568696
60494.428948
63991.682953
65311.139696
67034.874678
12350.709807
15128.33763
56837.989125
55623.437665
46713.674803
21933.937049
123742.131894
32818.312152
75172.685072
16140.022438
38195.124756
36344.959851
85423.593392
23976.56471
28156.64953
13355.795973
38429.340671
105340.176378
216546.025562
222727.576503
46573.381686
23768.915667
14268.446632
202623.575704
33236.983247
76042.034794
115028.410925
36112.543148
77237.529128
24671.693426
19096.371383
70873.898072
71092.579312
29618.03289
38046.107198
106625.061422
16875.116034
78866.4531
34848.723288
34842.131889
120913.831929
24836.748841
64183.764743
15924.482123
249459.111326
34108.913461
124995.447102
44443.02587
103514.397882
75378.428705
28619.575517
25812.29366
59873.794479
105638.408482
122140.741606
54766.747192
23642.416874
59406.171725
82115.296239
46518.689342
120963.016525
16427.216544
22659.110354
40208.128576
45331.22317
48833.095488
23214.084236
72297.319813
27558.84989
81926.028088
36046.999069
42290.011152
124523.906174
24933.992498
237707.200345
56137.106098
84385.397844
44268.575211
53280.160328
66240.610622
70246.751979
270645.075221
63897.705961
515771.576287
38279.330319
30582.523314
42354.377321
51589.4462
50436.772505
102249.117427
31991.292128
45916.519604
204109.990471
11645.810036
26617.453433
35315.466996
101569.554033
29314.856517
75816.920449
103042.875264
121924.798814
57075.539722
25329.534835
45337.988665
169747.643572
44394.054847
91442.51002
118400.418816
78035.007328
34840.017039
75998.487395
40960.386199
111444.790181
64679.252774
33622.275927
107987.208347
357447.671402
50438.52572
94001.508162
38549.509985
24775.839914
34069.052346
37188.185297
30845.226483
69188.419608
79218.906736
458771.280153
188790.614781
22872.045442
86156.601949
168860.837627
41257.908237
82948.766761
99495.190337
69703.550352
44086.171735
23627.744192
61880.77474
93262.916192
33980.092525
18745.769939
30158.909064
26421.735067
44654.487215
46069.393239
56294.928605
44564.269072
81052.397894
22417.00656
119274.510241
370429.250814
43281.840485
90300.976755
22538.52221
29785.197391
180279.995064
313510.457003
190849.471121
66310.528151
22765.910178
54650.630813
37249.77181
20696.570177
18968.849013
60910.928613
34936.669363
35896.011874
44143.433283
117379.765205
141379.076002
15242.952758
80820.450939
36827.890704
48109.551797
40314.152244
36070.339439
57205.350216
18934.259128
62724.400079
112192.811661
84245.356379
124501.411685
25964.571434
106910.923559
42605.127962
994682.272786
46547.655882
124976.451311
44935.857923
88484.288982
28392.450959
23490.911128
56271.834505
486031.765986
42818.233446
12432.546341
31226.762325
27570.58892
79190.788356
33875.746342
104920.257111
42412.111636
104262.672373
29727.750876
113714.190715
31744.840982
29801.906009
50079.167693
43367.298719
87259.23466
30332.002156
38441.214645
57347.177704
24911.829743
222806.859668
62494.694167
53009.091368
13056.038076
264813.602348
30362.097065
62785.214068
70121.838249
33525.869522
302882.409553
111102.574571
32528.235423
87238.56477
159469.994465
22655.840911
32011.580089
41752.715297
34944.305062
47617.979675
249706.122033
37456.769258
94418.014545
55631.43004
120752.827256
72676.579487
200684.735597
186052.897252
37286.04605
27625.188873
51697.394988
103991.923604
178091.156057
56936.962857
92748.162548
33543.821746
27180.608926
65439.133088
235475.713928
98335.876592
31560.235064
112760.952389
40713.634658
207279.679067
104497.368322
73579.87812
32696.846658
17398.618401
37615.234888
50885.759596
42069.020544
35748.804919
47255.345576
33110.141412
228476.0971
55235.628583
25006.160928
47195.752381
67531.833413
153340.46063
26050.56941
37949.212479
52721.150049
92036.966137
101648.023763
50521.672401
180702.666893
59730.251923
30327.170008
179898.582503
28412.129737
349233.673858
59988.490303
129479.217237
52433.092616
21643.688167
167401.714777
87897.634523
107081.493634
23111.070378
135217.72243
47698.733925
42810.505303
14112.272877
26234.880585
111940.872691
32898.618959
24928.128102
36660.535529
97221.631598
33752.332657
43406.195734
26654.016051
72442.273048
119566.505467
79483.944723
38219.613543
54980.357728
96804.155001
56278.752044
184435.608843
35149.068727
37741.612613
58638.534133
37729.529047
35264.743831
57128.905356
27707.21301
193133.084572
97017.892664
25800.876936
59026.351471
96252.521592
95718.463966
30377.787204
20391.262741
76797.024561
32385.782616
244667.166327
230501.872811
291439.874007
36085.585959
365692.67866
93000.385731
31878.792991
68280.829003
69867.813056
136403.067431
85501.37012
113082.355457
43314.941175
48383.591339
26737.130198
58233.631281
96065.800532
188430.62581
67220.478776
100543.138539
95748.876606
44596.23522
21096.694632
15496.187132
19992.878922
85222.67974
52694.506916
35518.465554
34916.295655
197840.616831
134718.66654
25201.047844
64795.237916
37913.228833
92994.749102
90884.952024
44620.429627
106306.843447
82730.648914
148371.036574
36059.814251
31007.813522
18832.48691
177673.058899
31419.376318
120791.572824
138833.706864
32165.506997
122351.644534
16627.909515
52624.553292
60828.311785
41585.480394
112991.576128
106729.670993
1043848.593152
72693.568919
106398.527269
39593.104905
80000.410542
66766.458857
22831.434691
27958.191164
62002.851713
73976.288732
43563.321669
63687.266879
23117.549957
170950.403357
35240.670487
68513.649465
85812.906813
16721.589105
239245.594129
69678.264313
128300.601122
32547.158898
101575.767141
119761.723109
206784.398203
54672.361718
108815.976364
111666.020833
27402.740636
66267.230761
156019.421297
16475.634855
129912.600849
61389.56769
66502.77635
164796.196945
34148.472421
38307.849632
53299.740376
202581.731359
150244.448295
34795.600665
30434.370139
45260.598567
30247.930397
51877.02338
47496.50674
49867.869976
63111.217974
42817.447928
22935.682119
102775.782101
110774.137985
17464.672423
52681.138274
56946.884714
23910.55364
52695.602852
15775.782195
45457.228819
56290.123708
13888.825073
151960.431458
76559.425137
48549.159884
511158.794552
32140.871159
72452.766948
37808.953068
34581.254297
74464.316092
34380.706423
63950.881007
60277.405315
96021.886792
17863.071476
103628.418169
22903.020966
26624.435107
46650.528539
39599.817321
113505.14826
46219.977432
23823.731855
40983.89043
76532.56357
72860.370929
159122.906464
301423.336056
27990.76166
29362.079027
35528.055874
78489.701873
38224.333864
71281.927698
139223.099392
62635.644199
48860.294343
171228.214493
404112.516889
46474.377347
669799.680098
21168.007482
15345.785879
122760.51521
16189.749278
100842.618665
35015.860074
34780.656444
16524.292032
306135.621057
161637.678694
120532.771562
253211.996615
83764.883457
85115.861813
56758.039809
29347.313448
140137.898795
103428.001488
206502.833139
263556.64957
18066.998959
53613.634326
36798.428557
78766.792909
58040.102767
364909.410947
65332.012411
197205.054791
53236.158732
46796.075776
64945.113317
196940.886546
28695.052824
43153.173844
241475.151992
164797.390464
186298.746959
62909.221313
29194.754567
54077.370056
17169.58579
95096.651611
57024.842886
24353.936618
68761.373475
98696.709311
69766.43395
57596.907208
87304.798442
22442.106491
32864.100763
77526.851046
54677.680141
116900.457488
98727.413131
67839.656304
88819.133583
136522.851222
89474.446596
48052.748524
29531.12978
34131.2319
68692.087318
32962.389983
39311.89415
155630.087465
62403.234242
133024.472718
38477.385211
24389.558459
50347.843612
24130.313367
78578.630606
128935.088059
47874.19011
919477.926717
141704.973223
62673.82533
139675.300682
39427.046073
121124.551847
138844.212956
19952.018852
154801.892631
108645.65413
58983.696192
11795.923797
57475.989003
89627.588488
265858.10065
113992.10543
65984.190876
87738.001558
46077.833753
51779.444018
25571.058899
56320.722998
198983.857327
69879.796521
36379.841991
136156.957563
45463.596328
148712.682059
63141.637995
21942.962967
143639.876007
55139.316071
27433.377574
20886.018843
82541.275238
742706.557763
65710.55995
282895.545632
31196.44973
22715.697353
54174.245974
