42896.1151672996
14444.7422327996
34866.8514556318
29859.4932645038
23405.9797378606
24300.8513996063
69080.8193606902
47439.050385217
18832.4631385941
23268.3116275886
42115.302251918
12377.998061497
22185.2726277224
135082.487053628
21315.6310546435
105264.559268379
41268.7507583328
37539.1928643591
49538.6601648441
35030.605697776
48574.1245025388
46511.326473314
35289.5457875691
22259.8769234357
24254.9369207135
30433.2259638739
21373.6380320465
130881.808721702
25516.9322758234
92310.5950527383
35464.466376748
14547.8210889657
27134.8282087535
202249.02702495
33137.5734217899
58901.0776732095
38163.6032066474
47365.8106330372
39891.0464483311
49603.9695774184
23217.8390976745
18420.4126828735
22932.8415266738
20266.8194085467
84771.7845276455
76731.5316280094
72848.5836792621
21159.2230531709
92076.8221376126
48715.6142621755
15670.7451253215
49841.4170289926
34630.6559262594
26022.3079439387
44083.1708027965
67330.2839369773
30843.2726898256
29729.8040764811
52487.5132456799
39412.6124252652
55240.5760968156
28070.9537484116
41122.864935569
18657.5505860033
91006.9576819027
38270.9816047687
24360.3837829948
105220.162445339
22688.0568699197
25127.4878485801
48947.6767519938
55414.2954463822
77489.7582919059
75134.5478650363
47675.4284919714
43079.3426228589
36000.8477801666
25539.2657190212
52690.2727288444
26667.3055785654
19693.2241838396
45517.1518833155
38659.0939437146
36518.7678912771
29017.3536812539
71315.6592103099
22363.9785788632
30212.3995030872
53600.5087135886
38005.1892741971
63240.2644030294
58901.8198872148
32415.1433669978
51028.7027978302
194765.082553623
52725.2483470947
22763.7433067998
24877.2059368533
50196.7563217343
39222.191337781
44267.1190779934
45564.4225213521
26079.9515854332
23271.722530334
41893.6870121055
29603.3639739637
101432.819058304
66051.0939022282
26937.8007382096
24880.2928469757
477295.828170243
26242.095741477
18123.657582759
54925.1621299913
26980.7432709982
37043.668505173
62695.0024549548
20032.4177095534
38570.7924983248
32238.3861924318
30128.1523114559
30732.7416316943
143701.37086753
93814.2820545756
26694.4246841623
210698.093832628
45571.6757118549
41617.3805669529
58658.1526781327
57743.7965837045
77396.9445906074
58738.5437337967
17182.1923145579
41488.0494727334
32277.9101310317
34779.9908609305
26128.5574496248
25741.7940766161
39864.9669211266
49264.1321508148
111625.758720266
59859.1506902675
36616.0274434938
21767.4512046749
59543.9268143879
77669.9998880525
52072.6531757351
29038.644576975
41495.7415004543
53955.9319682644
27313.0905529167
58089.7515066667
46657.0498361778
17426.120932123
33733.852116698
29112.1230453044
58092.3823511386
17248.1460088325
32449.3968233209
34350.6624298294
17627.9829369783
30373.7259001573
27174.3014235156
26230.7395767006
55282.3777379386
34500.7235898165
78934.8773679754
33435.6130264011
36208.8918034537
34494.0718593219
30176.199701065
50503.1351349259
38730.5094128226
59740.3182820478
31677.0730876249
30967.247692363
78129.5884632797
51743.9134340342
55019.779750071
52188.9356532867
28242.7192732401
154928.537522646
52526.8290943518
59148.8433595762
30654.2770181374
71896.5621768179
23343.6215839131
24258.994454915
20930.5805303401
18942.4799935283
23619.110461313
24118.4010934267
41487.6906741756
15178.9020898822
46227.3776616668
12953.7333666796
26901.9862883311
25053.9138694856
75614.5218738415
79878.6294150741
54947.3344003298
15736.9282829666
57538.0757834454
47294.49936192
38988.915399077
118774.696238672
11625.1324402762
25770.5209310983
25730.1485899284
53434.6776447869
48223.034658799
84298.3024809697
41051.3865813207
98462.8555072025
42900.5554988601
25301.7920220975
53461.0680246873
39095.5939651256
22526.8492608529
30582.9620221927
49330.9417181871
36633.6997194238
30843.4331399196
26803.8789053128
41985.3675070344
35784.4037908237
60032.2272455449
45631.2482222385
59467.9054482998
49495.0278951457
31859.6250692778
39661.2147359135
53905.2434288661
78936.9984547066
79364.1378521254
22884.5675768842
37093.0700509459
84179.5275116728
46556.8786539401
32341.2639243198
40758.487672362
24957.3963052702
120438.681416709
40787.7859239522
33153.1210545156
79443.3298697049
54515.3516473854
23263.47963509
37523.1178843004
29450.4864270867
48730.6034768141
21850.7699568073
25755.7416199746
79151.610614181
36042.8148705204
41629.2136743969
70055.1166108307
30537.0298699061
33777.5038284642
49112.8797443388
46684.4498639173
24015.3994344772
58382.5526209743
17754.3217149715
35633.3178966876
40429.0960590761
28735.9163512546
27748.5031253778
134450.178910439
34965.1252812927
28506.9180251946
100247.176237377
53875.3327516163
14240.1987776763
21643.0818887727
58921.9221198909
23185.5499977196
46274.7528004576
41987.9713310505
15897.9822487833
37550.6768807259
28665.6680284472
48054.2013737833
51829.3118177096
37325.8197881883
47737.0991936091
98593.1754315185
52672.089535236
24796.7947017
50759.7771016213
52893.9029803437
57434.4892945287
26091.4785673932
24917.3771954061
50834.1174727498
15977.7784814733
36232.3449112855
42714.609662473
23626.8995688462
35478.1924755353
23408.3603216725
15594.77578379
19662.1387366283
39600.8526454223
43951.7924244744
160809.052609647
51171.4445397017
38758.5508854784
12424.9468188468
49915.3076212083
77703.3699129909
33055.3935135495
43881.4997126831
38490.6773740448
91212.698960174
41461.2785234107
32807.6631128533
48762.4717011028
107454.104443848
55907.5890908337
25697.584345857
41044.1783619443
45375.7045649503
34917.5834284854
29640.9008307205
24095.3933283754
40195.7166334959
50126.0942519215
208033.57766094
48137.6572285685
59505.6592692192
36803.948298326
49020.9767796968
41339.8851732632
30396.5607538516
56612.6657369139
65844.877063047
45928.4040273275
17969.3660326068
32115.8942631377
28738.4848131466
20090.1029806067
25061.9163410233
29704.0562334585
21031.8603990202
81323.8039815849
86186.388263682
48359.4090006535
130924.320761389
26416.0772290568
41824.5917504944
31505.4865471654
101886.262601701
32838.4803085472
31212.0958197419
25261.4224023045
48498.9984827907
77609.3203504333
32080.9251954659
56759.751535299
28653.8702975366
41508.765597059
20244.428867113
42076.1136865419
32804.793703695
41367.283324781
36611.6176961256
16109.2817041845
24218.9731279154
184289.016967784
119738.512492244
70786.4927012145
57940.5625364017
20773.970604385
11027.3045182819
52137.6515727254
33633.9980841833
46624.853781233
21692.7536941344
20404.3500069096
39439.3611191038
79344.7545365727
80175.6574980463
23454.1095937235
56472.913935963
17474.4361726768
49771.1993601939
21110.3007897567
13737.5274659932
69445.44083402
62568.0422871141
19078.0114168884
49917.1714213744
33089.4468244843
30378.7642410232
60298.8076942325
54530.6746348797
37581.4281142847
78809.5451096279
95516.951105235
42250.8747098021
41768.1832566499
43488.6475994513
40351.8753005144
26807.9447775179
19767.854016082
47603.611596377
52008.2001522917
25901.7257377221
31714.5432337838
66130.533856711
54117.8643975396
103239.128697711
80057.8645978335
68155.9082935619
80220.695062938
61178.6848864769
36788.4854050962
39450.8493666032
18901.4521336366
26593.7023760312
52796.9968034788
47213.4200651964
39018.5122409492
67050.4781648313
85846.6484168994
32632.0133055419
34320.0945182176
54241.8444760286
30753.1252602754
22017.1692382926
26469.7073708322
130114.784158999
49134.2762732484
30060.4660775967
43813.4911008591
25136.4486095608
180373.606298677
45935.8248494683
30817.8685358544
65676.7685505313
35069.0970703574
32911.3471355162
39960.5317848828
22273.0647665539
19796.0918992978
44494.6387713284
56356.7953945426
18538.4156221082
55726.6128928479
26768.4742384138
19652.4634410341
29867.0735686116
28423.1560275137
38128.9053707578
33295.2177611333
27060.2969499406
42049.5812872819
22531.219082999
63447.8822932295
44178.2632002097
28262.2018979901
50132.8746722925
24607.7612969602
43011.4437978619
307213.39850698
25461.4746296174
64560.4935568886
127201.773965987
57996.1327786072
25524.2784564505
58173.8217519334
18022.036704135
78307.7599248793
31045.013957076
68795.0007929074
43312.8004077857
255417.669818933
35737.1834805745
15782.8713906793
15965.3276580637
42087.5280631253
63004.9571951819
36482.8543450357
40811.6072601498
24314.5353177635
54515.4054072023
32143.7052262092
41768.3191333208
19771.0499944841
56653.8528566861
27541.869700413
17394.8639180217
33962.7159962238
41697.5055986759
26811.8998537487
37276.850085374
19361.8380516303
41789.6642225416
32482.2188566341
28000.8087907579
75770.7819934637
61505.9328514418
35648.1348532083
51739.0072832833
52526.558406791
14672.0566865368
23196.9585810999
45085.9154218836
61062.4990212524
100421.554613164
29531.02169349
44438.2568400768
65919.0060072838
42333.6141873964
24613.3829463947
20017.887011645
63932.8392421356
38331.3140973838
60712.9412905299
33917.9147956711
33213.0242927749
34457.2034039325
42900.0952551773
179762.887572277
41132.7176595876
30115.0542489356
63505.7954725795
105098.312602169
27564.8011521587
16297.6098312207
35386.70390823
17345.4118905239
56315.8073903695
25149.9681109691
51762.4626861969
23000.0712155152
59373.6243164688
40762.2807872933
40320.6240555382
40342.8454790951
36152.5305884175
58811.4214830069
20323.8508203418
35192.0530409196
16272.987222928
19551.5168673382
31740.4397031393
98189.473410086
46201.8052654347
54360.0605680606
104858.013147818
68411.4064845422
32854.0022017819
26445.8171802454
53746.2924115892
26845.9094319083
32947.5485888657
15230.961924667
35185.6449253678
35838.6854141841
66129.6122516963
44523.5041777178
53018.6982587913
27458.7336599671
19735.4258866685
32421.3426335525
26498.0713913502
22169.456062529
19929.1117767366
32978.0230104586
28914.2867256998
35916.1416055242
42644.8572075931
40700.5650502541
21310.4261777821
9267.29563136842
23239.4596675232
111764.812342115
31256.3345137884
81302.7623118589
22082.0873638239
19777.0355669501
43903.4090098538
141237.913595042
32871.8469676669
90970.9260011787
30269.2570195532
32142.54306113
13865.7721913867
35962.4315462672
23438.490576176
25743.5762188558
37586.0333309928
38964.5916952202
163818.840078088
51764.7675922804
45089.8131499388
42798.9431569266
78661.5648809797
36805.2841318994
33980.5313621501
41143.5113477765
47085.5614355405
80747.3350817298
38156.250119042
135888.201653973
51219.5696197166
16248.8956020594
25153.6161612194
23390.1853250844
45886.2617729793
30224.7321504758
13695.3682320073
45600.6674760477
99724.3599894217
23858.161191626
72791.0962385007
25811.9519949559
26204.8252107487
40312.7526857245
40375.0262716367
277598.753466316
26790.1398792657
53516.2986927173
23373.2148008552
23443.5968640347
78702.0554490897
55703.3468737986
27814.6894407689
16958.9671569374
37311.9101394504
35376.8251219712
28014.3686751753
22878.0155250955
17260.1455968397
17858.5199423182
28338.1186323449
35340.5410249509
14565.3480405326
26029.3214882999
17768.8534713721
32129.2320152841
48966.0666862587
87590.1855365788
21403.2174393114
34211.0237773188
53974.2075286518
63515.8759790133
20524.3251137585
51106.1887376566
45513.0402837877
28256.1115742316
51980.6017838235
29157.3263896691
65336.3002348296
21651.0080932502
76598.8864136098
36754.1405770296
113978.538230427
33075.5692977225
24123.3272633734
112637.405746802
46726.9266554091
84870.4941101966
104703.586446195
77069.8959885805
27780.4567673825
61239.009193593
33339.7103641038
46762.4091923662
47904.3458363754
19480.7129518803
41378.9272536635
60851.628877711
28662.5495270852
84211.6232871347
39454.4250132033
31889.6280603664
166444.446893876
23055.6520500423
27074.0823313018
22220.35675536
37332.115302279
30423.8671214579
24945.528151878
28336.2122917564
54369.6618310169
31744.8630333481
132447.503463563
25673.7673057957
22721.0360792659
22685.8662402813
52915.7514942784
37606.0042345436
75111.9220169072
70071.470198124
19171.558045452
22832.9204376941
56825.9520163751
71233.3783832757
40019.9846482868
42975.3900072372
39719.889779946
23205.9585105666
48281.2900087388
34280.0472648449
41859.1465905106
45853.3031438286
61005.8797183506
88172.2256943004
87666.9422016343
25654.1333981028
50854.9328223993
54047.3799609397
35705.6470085495
25734.0714486341
20787.2493628459
21733.8421621882
68041.9912938466
57305.1282117607
55880.2170454063
68300.4122018101
19183.4886656443
29841.5741415348
31329.0408366138
88796.5567436374
29991.3459110151
58964.3624700571
53527.7437672058
28141.3703964068
25672.6765623201
16424.3767689414
123841.596743994
54545.4952464963
28903.0455708269
141031.212358146
16699.0825677357
20074.2087958646
33804.6509498091
76127.3806660175
26806.0530211639
65126.1856795737
42432.1530232258
44649.7389317663
50216.0603421212
23252.8044275539
35617.6777828504
29043.5229441588
48770.0945962918
144894.486548701
38568.9015905318
21641.7544206072
29104.1690010902
54696.415345808
34419.300554634
42992.9770797874
33306.0469386884
37477.2234975976
35376.1928780992
25940.0666006591
36335.5739430372
25992.2958327964
111421.059840794
66320.3488515901
118671.423331596
48797.5579084789
32601.4955745594
31555.1048308209
26548.1635328086
33234.7084942745
104157.059579763
32986.9423011871
31025.7778524737
47588.1478529044
26879.7733708553
16650.8071086686
57061.7044906912
69456.1416429943
52860.5616305665
138112.900447998
30798.3757596817
30678.9008101746
17807.4135655417
52828.5295386412
54365.3764316127
38356.4847504369
57458.1527154223
43794.986507143
24048.9081670628
108290.504619351
47777.3170049233
27794.36613311
14660.8438038913
40884.9552257084
47887.4977503675
43808.1768604489
23451.9483058515
67375.3155392597
64922.6464903211
45894.8029160047
30265.4892182425
48169.9914916809
48593.1112164009
87813.0267491096
23931.7429200055
25906.2061807039
67062.5990926443
17799.2942813564
28233.5676789597
58025.4874974469
19560.7365371823
27280.5484077211
23171.2320266685
47022.0799173929
20244.6734097084
41848.7574058155
38739.0559879888
54909.0678945323
65721.8553630268
52064.933360312
36396.8913668108
31047.0133649741
83972.6735665804
46859.0813391408
36341.9192801921
27182.553008142
90822.8352461297
31659.8181929114
46238.9224696264
101134.184499368
33974.1969699173
29947.6172638253
173911.12107125
67619.2720066698
34542.625138198
25419.1277216114
92822.1705540783
50968.3636939264
29034.8768639068
62597.6179704073
35033.0526882271
27766.5110419594
47919.4703356692
85855.4294864607
30313.8464826931
35326.4568314818
28327.931537164
71938.6038514756
67711.3692034006
16951.9024084754
34852.0659467247
60519.3402076755
45635.5049737164
32287.0306024184
25676.3363033802
63428.9474023678
30766.0159956838
43359.6571782086
46277.3548833783
41153.6336707987
47366.7869616478
35076.3005134661
25615.563096782
33008.1953212314
73697.4300644014
42014.9246160003
17362.2722009118
90972.7305041199
56613.7358389981
26952.0110189083
36117.6762290642
41392.4805083681
37857.2128367402
37135.0495456606
23210.5030655508
12808.3991548403
27345.5040246864
24458.7550521664
35274.8014599781
30369.6907871268
46653.2051074121
46398.2890789128
38538.3972001715
39874.3674905676
24576.6269835316
55701.4111307202
26507.9707090667
427007.465016625
24586.4938697446
66793.1655671064
33188.7608062165
20844.4554505343
38845.1466546413
18764.0013093071
34955.5934614973
57842.1154761645
68228.6680803098
25725.2160349142
31898.3153933672
77709.3266969823
31904.7062434275
34558.906944156
23775.4800625929
20832.9410438439
73084.8927322103
23791.2011453848
29246.8241755901
32520.5040360717
34974.7308412134
34281.7987662755
28423.1800570494
51106.9875692685
37789.6207053687
27322.5061985197
28078.0546554422
18031.7894700019
60072.6346735035
14957.4254890857
17876.0314246525
18338.760358816
57095.8160361601
18660.6514249149
42865.6283405627
46403.5076649388
45556.2186969474
69471.6613131706
37408.601778965
35864.9963153767
71893.8088267065
51540.0081433811
29778.559026561
68595.082520422
41493.8203787412
32584.0317672155
27505.2879818721
156958.579308165
16629.2181302521
17366.2774634787
15303.2863321048
30601.3249982761
92184.1259866984
34243.2877286719
29450.2808103941
43031.1119514768
23320.6738564295
40965.7171360428
71361.5088036829
37501.0169434041
44777.0631320217
46740.4221515702
46982.0047818481
25842.5298745825
43654.2215079177
42131.049149396
32058.9457486202
29931.5748221614
129928.059888786
30974.0315720505
41989.0350509635
47221.2190417287
64660.4648455558
33894.6881680571
20648.3815763789
46866.0374075229
15516.4021313295
66083.0634529716
30617.3403463662
36982.3751718346
48859.6187810812
41529.0480348346
33974.8334433375
40947.0956657586
15873.8932020423
54820.5885484948
35665.4718253509
107466.225807982
38952.7905186072
32877.8208875172
23061.3664984807
71967.5272104506
42112.9608246771
25220.4415002214
25855.7706741888
23491.3358029764
49592.5333699398
27988.8881068184
33107.6987614763
51378.2710873893
92263.7497680612
40589.7022464573
14080.7013230038
44585.5414962562
19902.637193498
48586.7094139758
24023.7094364866
37895.4206244727
55518.0070343678
34555.3923372812
24765.8840580837
112778.396069406
32004.2616748923
37832.9205887296
55727.4330153728
22865.5835412513
39579.4441421115
56952.5778970904
19489.0580467096
20502.7901057149
43004.0266041975
24353.4517361881
82729.2588387947
28276.8869778732
30523.8987372127
51732.5455194338
119287.714774205
66175.2385896613
27917.4312657779
25842.7260365337
39639.5502725572
46195.1554371606
30856.748852126
24864.2646612712
61498.8413250505
36371.0179266179
30897.7764317937
21205.5069768869
22468.8348399574
96328.8220099572
23992.3277966418
20356.3383282613
45677.5957151884
170307.49059572
54179.5033563284
41215.1301016926
35120.3642756508
74068.3502457399
27276.7896002684
96475.5306471533
17290.7524660561
100567.750615135
40681.8549239656
17217.3446196588
22802.8704879734
19516.054178235
39890.0394151399
34048.3662118235
57637.2566152476
26682.7581827173
51636.8159474165
55089.1540509965
24391.9615128139
70214.4121553637
22670.3793390816
29582.1549292429
34293.260503236
137680.459475812
38474.4139543753
34422.26942037
20836.423667142
44530.602771208
33394.4946499904
29335.0673652011
25250.672406544
30210.0609465065
39154.4024463371
24657.9132482906
15657.4107014698
48589.0874709622
24860.4020780674
27889.9473208194
35579.2490960835
27794.7161578534
40506.9285829342
16092.7706980773
29469.3704926601
56636.6073357322
24246.0183337708
86415.9069630191
38840.8645890419
44507.808094039
41471.4319118618
20234.1037354082
42236.9881753815
19353.9813194781
38253.9739500806
127686.573489151
32478.2858245199
20168.7275077142
52084.2387773199
18601.1755841351
30530.4745227532
153683.913390132
45908.7723579296
28032.6903664763
45308.8278670107
23737.2514839305
20622.5956113196
14228.2398338562
82889.8392304131
47086.0235907037
20236.8412773446
36582.9628112318
22692.7727497832
36284.5746808725
37936.9602420297
48628.7899182113
33330.2411320987
55401.7169542381
43392.3616691592
61796.2428965372
70061.8555291955
34270.9649802693
26906.9721025474
44807.7889431824
49195.6900618108
114443.817351402
21943.9127027211
24501.8943062886
72652.5240781646
92685.3885106329
38654.6683834884
41887.8983459393
33442.1959840638
35154.7371092058
18157.7748031749
16943.719144661
59041.2486634049
91364.4532427977
34645.0581026205
155691.525805214
54601.1693739252
30500.5418874554
38819.2557695001
41892.5205475304
46014.3080826715
44878.7241611989
76244.4080170396
43188.1708534804
43001.3617057108
46260.4160248258
31743.2917818802
27083.4429201007
18133.0878559914
24084.8597031316
42727.3147335304
45075.9612566363
32840.1670520919
13439.2156590848
35263.0315271389
81504.2572046897
38825.955092835
22643.0068523995
29660.8899289992
30222.8418679016
43425.7855736122
21185.6651354463
74956.4569934724
36416.9867739175
87777.3626849009
21228.4717568517
103034.194640091
70191.2179386218
94951.5229473265
24641.2232907415
41315.5404245942
28138.0172042731
20717.4436886986
39358.2499837311
35223.6012858961
14915.7109543421
40660.1837691176
24511.91493872
34825.2761236405
59821.3769008869
34897.2245487532
37114.5734137627
80238.6359935804
18896.4562665073
39201.8844013694
31206.0408391216
23361.1677865454
26320.9248688058
122916.960377239
48850.5834096571
33956.2802799748
51950.5109196957
50762.4724328916
47283.2092037624
26377.2626173199
69135.9437357177
60823.1949553063
34045.0590020499
39948.3562852148
32036.2798628261
89426.3313707691
31251.5835407706
25729.683773863
17144.5604837042
20899.5734304118
51715.0444904516
37988.4419329574
19570.954450613
67735.8099904384
18066.5075043156
16735.4749890234
41522.5572309896
34131.180573505
83785.8837482171
36480.1978410093
39751.4142199493
87635.1002847215
73479.1417336138
18569.5525621316
25443.7278062765
25548.8277245962
41557.151155142
41785.3916113742
16611.9061582293
169055.139117917
42483.4483299679
42155.5232477819
20877.5384990292
49259.6165896804
23231.4136568123
71423.2142032816
27955.2289828532
45209.947076519
33838.2148158992
29310.9617348607
104002.193523372
49490.7819601334
25555.7217404951
59768.3619017238
26869.4086192789
26824.9323577173
41141.7334794973
22218.2642612686
59189.8863772679
22882.165270349
45656.126040421
80665.8764136882
26595.7166266273
57223.5021377627
73528.9256092302
51912.2539003091
59699.561396143
61659.9539727163
55579.1625278056
59386.2690603043
21845.8444892672
64201.280611233
25082.9088360219
40949.6651240282
34631.3167025033
52095.7340417737
51008.1780225063
23922.5732286392
26135.5814239546
39973.4134279149
36703.4893472957
21564.9970511991
25603.5489501483
37344.3212002733
66998.0634432651
30866.1821678295
44617.387682833
47326.7454436938
49720.0493737055
35743.5832676406
51937.9796187597
18473.0644329318
31935.3420791281
17416.3014500984
127983.760702066
35202.0950620769
28540.1383021567
40571.1158991534
53057.5674222417
20836.1270366884
21641.0124192365
60698.4242559263
23843.7271756599
55814.8973470403
20317.5037560565
24528.947156685
19331.7543733697
21179.2984055728
51312.5361302368
33465.7187075711
20623.9302641208
108647.09899142
41027.1830311924
36219.9227423187
89416.3746524495
43536.5155867961
31389.8958489968
82273.9435251506
14074.1096832383
48322.3228770906
235013.328031126
110816.280106488
30810.6710084169
64138.0105524885
15740.8130811022
28936.543465932
25640.6172190952
49243.3655951605
25190.6484885353
27295.2218016579
16751.4414582016
117633.34341482
53732.1883579229
112006.190378955
20361.1436967558
41831.4680632743
41158.7662840217
54789.2771051041
31150.9658109874
73504.2050082211
38722.3737657243
20119.8956044285
26118.7214293076
15481.4229831392
103022.559020637
33697.4254709811
65433.6349315593
52551.2364553261
31272.6544319679
63963.9930248166
91260.7643418769
57052.4426171066
26939.9501219029
35404.2077342804
17739.5020592493
24165.3248630541
59285.4967584261
53548.0060386724
30633.7182580514
36338.9656059354
41130.5943779313
31028.3118567535
19332.6300417949
42564.9666007144
26778.3906112061
72621.6035780966
36416.7256200071
19269.4714216299
80721.6342155798
49060.9882557563
34419.3952908079
38572.9199460297
123634.428406293
109301.440724671
58330.8946803945
34890.1685106058
28831.6646530463
11499.332304079
54639.2800398807
41212.5207743359
88028.6915543293
23133.3810118775
93086.9845965406
22971.0494820464
47150.6389585569
37595.0723028112
51454.6656975305
18953.1403544413
36182.2298208436
67809.4853090737
100153.609798684
78622.4267335607
35526.4859248842
39897.7831944934
39099.8223480329
26971.843620308
24227.1826364106
50972.6349482738
48581.6266373046
52862.2762024051
63836.033948607
165393.145972238
34013.5073971377
50268.1751797318
22282.2303262964
155539.027558577
60571.2075472086
33597.1283587611
68023.8777082695
31497.9330193838
153294.16970398
13780.5786820015
58897.0641771429
33660.3326116709
42387.590786621
41645.2851815038
26927.4615058672
24702.133799155
78527.2812927804
42225.5546425711
29048.2969839074
22390.1185918638
20758.8939577855
32621.9226615705
40970.5515290977
22824.2504762817
29652.7702541315
29579.7446077977
21021.6896201744
21013.3334250527
27813.7900952601
48614.1631341947
21351.6127429003
40325.9356665132
79433.9175415928
35228.6104868892
19165.9151200737
18808.0792628327
47805.4780622778
25136.3837880156
37717.5922131035
34956.4474414987
32965.6235986322
38296.189375266
16392.758397653
104922.182456334
62427.5425819872
12844.5107829887
25320.3138637791
31852.8955744272
22968.9208396956
52723.7211874806
27063.3099992259
50695.5566280285
55447.72083211
155143.403600669
64967.2955354869
51078.9140943286
26979.6947745475
23884.6303632828
25942.9996513592
65311.3169657859
25168.8310516257
50154.5642883185
26554.6103683759
25903.7891937833
46245.7720764855
38960.3448406941
109082.796893961
44368.1915950897
37160.7411446704
66763.9536036192
24904.5407304033
32444.2684403846
55430.0400552386
31232.0067233398
41790.4892799536
38986.4942541422
33844.8194258079
33520.0292734929
28771.7126895909
36026.9703241939
18485.0984131188
23771.4806777265
64761.7883751652
28440.6344498181
38103.6802341555
26299.6532465279
25471.6557905909
47299.1672933648
13632.6978370114
56620.6431395555
21340.3850755624
27501.2269251852
63628.6422184586
60732.0113669756
20071.0835240681
34521.5419100821
24733.0661202085
42100.7500537165
32851.4457226318
56125.2469823439
66947.4022957834
40735.9385888572
34918.3989827021
78723.9210689104
45404.877976017
28624.507289923
25280.1185833461
27199.5108876942
156539.849923271
17139.6411749513
35493.0605717465
166650.821112259
50861.8947839023
68851.2524637378
39833.6146537182
17320.2486752649
23635.0803034961
20649.2026275923
42224.5390502669
86245.2720789778
28933.473507178
133553.151719793
100033.98192537
49553.254300774
42449.7781686157
40641.6585980963
39252.2604985082
21968.9647394097
60306.7992873946
35795.7525732228
37451.1921275156
20295.059845866
48364.4242647678
40528.000548656
54157.0306403645
47010.8344540197
30449.5196199274
26346.2869257812
17744.9543464165
26938.9392938121
38862.9410801512
28942.3076918433
70960.5980287495
25944.0310103589
34206.1210666452
36339.5974612799
28874.4151313618
26141.6945265273
43714.7620604241
29517.3145931661
77208.7116754905
28630.7030388203
35336.2661660721
40550.4771556215
54895.5944507881
25233.3396251031
22726.5141317429
26073.734639831
18532.7587059457
32594.5763083638
51386.4820732033
47070.0494266948
20682.6343319279
30198.7002125908
43499.8612074193
28285.116467428
22635.1524545801
24617.7195290209
89129.3868043822
50969.925564182
56477.7422763416
44856.8527407736
47059.0557512628
32559.8590352045
25182.8307561393
42852.3564412359
49145.0874838644
48145.3588817598
57466.0446548435
69179.3229032982
32899.327811524
66967.6753535593
56496.3292681691
14009.1242052146
21054.8769760395
30118.4744727863
29963.9976904318
39227.8221837675
22743.999432067
42609.3609113997
36468.6761913376
194380.531783224
21827.1859756284
28470.62066716
56686.6875605917
48549.401572328
40766.2442662578
44084.8393551268
41912.0049743408
42721.0043967893
70403.5006587688
30210.570082766
32730.8885063184
41752.3427681174
21918.2257975919
24130.2397567008
39714.0283560089
45301.8660017588
18119.7638026535
26078.7051082978
41741.5051109503
77431.3862813972
16845.5095225021
40679.2729694442
73896.7527513954
31796.5841313574
24343.7769791959
33002.7782068315
22226.305872158
55943.4349440839
46394.7635205876
78557.0986453528
77561.8243303055
38004.54587865
25500.1338540994
21567.528555437
58190.3561748708
37586.4220184443
59994.0491652006
78781.2874170324
15289.0788618357
24981.6224379013
16864.71167638
33918.1420059168
15979.8780488134
52040.3605613294
26536.0318679927
12598.6692768304
27953.2694324558
17378.3920322523
18739.2078496253
90042.0684156303
23311.0456973544
37880.2048324014
26715.8293848422
25635.8774906748
34173.2069933021
41279.3711841632
35121.2055622137
26121.1059920197
28932.4048589621
63030.3816095343
17735.3950714875
53912.4790671584
23379.6078627342
37755.3455099942
39953.5111796731
69210.9570629562
75086.7465059204
97955.3437527388
40094.627063431
80319.7039241328
38911.2286614007
52626.4713941449
53248.1848377779
29391.112324615
43836.5722832865
36416.6081365611
97936.2310207163
21379.9562075729
23149.9976959123
29600.8662959948
47953.7503161928
46975.5879888406
65604.3194636251
23472.3202998417
89092.1641977098
250477.099993822
34377.7560971538
129960.515513573
39630.3284849622
33820.4969779292
27391.7661737961
23899.6065697722
29265.3136495566
49257.9137004636
19414.3225804797
23772.2471521493
23811.8779843392
82358.1856138162
23114.439280052
25350.9089486943
47718.8192156149
53267.450582268
44731.331336774
26936.8380750692
23278.8799327754
37870.9031513827
50571.6255216531
29694.1047979988
38635.1866300591
32234.9805943242
45213.0725379302
56996.4414418686
87972.5753539921
26169.3952602732
72419.7499899344
25020.9122850826
14642.412178645
21145.2982524313
75880.8069674095
36888.610119508
68021.9911119108
33676.8886170649
31738.4823556642
41597.097762294
25256.2082694439
61822.2267834402
51192.282684682
22850.7715313623
54953.0125731984
50869.5899733906
21379.5253106725
23128.0213806177
15467.8974933869
58169.9865352639
24685.9558654861
36253.6286936158
20461.6818468611
36909.0560713064
78315.0663196683
19532.3591869247
22991.5835372714
31870.4443727285
22381.3562581271
19198.8638521039
68116.8279725137
56083.6519116665
72361.6087299637
43599.6671708164
59303.0815280795
40802.474151805
286129.829410058
27168.8182319595
59700.4566356373
20515.0688865752
39097.9704867774
39840.9057782737
139375.816312867
25285.6753247924
42087.3063767676
28192.3675543577
31336.2600198769
32905.8855856529
62964.1804672423
21960.7771686211
52596.4740419853
26825.3058934403
39895.4895572939
48104.4577952007
30181.7815493137
42236.198007031
36635.2874070018
54395.4634521855
42238.1999640719
29944.604893965
25833.9819168632
35008.0927603712
32351.7139585017
52202.0912149544
53739.0984809876
33817.8955527496
26778.861095691
65063.3655789595
22551.4105004267
59057.3156558475
36492.716727065
42270.9187027865
25683.4757595374
31897.0106907234
31888.7696711861
13522.3349759625
101856.919877445
50666.7591304231
144875.08317777
23276.7420196145
56981.0506992334
48316.3086591998
46513.7516897074
34850.3434754802
32478.7772756765
91359.1513098581
46054.135077658
73553.1417116498
27669.3071170196
31719.5131832976
41385.1203823947
40233.1066965407
40586.2773001258
46598.8053033782
20304.1040864955
30790.9097686854
34299.9598185933
11107.2533669564
30694.1717347512
60875.2269385146
19202.2393278718
24645.2662816334
29600.7047228751
66616.3473486861
16193.2677862262
62845.300365833
44877.18297794
22502.0157680234
47581.6060308224
29805.8135840245
62233.0463654692
35010.6007809072
49424.6363869686
26397.1242305229
20380.6720175017
19430.875320098
21732.1201812131
30500.917551726
51834.9087686661
32667.0552902215
40409.892122568
35924.8628692549
28709.5556944753
106157.354531861
17942.6048924159
26705.4194748069
50804.385598271
49324.5473529892
35941.882413705
31065.7879649589
31718.1473355854
30290.7861106329
29179.0165825609
100013.236338866
46503.917626594
80377.702857315
61138.3121487069
52582.1591523149
43862.6717168551
24511.1545717564
37274.867525021
65570.4195798858
49267.8674004416
53010.1969258862
28694.8045130383
63047.3122702363
58468.5369491013
22522.3681908781
30547.5539720045
22172.5687442033
56090.0569486582
34324.6713385608
34918.2897231525
22242.0286237814
37374.4880624079
45931.4803021404
100192.54470325
30110.4066802663
93501.3023645138
91345.3188631128
83732.165731431
33895.2268249193
67575.8099746288
61120.3556764238
33571.7064388137
53152.6587448083
41606.1666447367
34122.2509865791
75567.8610859329
65076.7564949501
92518.3542948246
19738.1197028363
37267.5138965383
71599.5705146306
26231.9252975191
18118.2479815818
44625.0623274697
18754.4436193885
25696.5992269579
17795.2732689533
65349.5399219293
29350.8794083439
62962.1820942824
29930.7143234552
24842.175943242
32080.4494228071
101373.396117957
94247.7095520061
21293.1630370189
47216.0121018504
47875.0671880246
18991.7801812478
56212.3696525213
42372.7578215135
38623.2860778711
21153.9919877305
40034.7827120399
21505.7273447513
45430.0591411062
29548.5811766328
36312.1806350507
58880.3232693089
44480.2502841542
25148.5959027033
36626.1541057238
100200.763595091
12345.6795971504
31132.1533016908
41270.6601821616
102013.450391183
49615.9648446795
38230.5372167319
125347.638535927
62776.7681804424
23878.2908434486
125660.17342525
20509.50999359
155718.148663678
19930.2118000738
29437.315531632
35302.6898135571
49880.5657575468
34166.16367913
42740.6076405302
27474.5220286174
27703.6155657944
25370.2282802249
29415.1972727009
18581.9753593068
26676.2921466457
45898.4559897957
26020.8832719653
35309.8968479982
106493.62785978
53074.9161122442
43305.2385727437
37561.6583301078
36267.351394593
29926.5972200376
23079.5979538349
79883.8601185695
25458.5421866742
21771.2240302493
22431.5629060487
100299.499039019
37147.3770040855
44394.258423942
47924.9377605242
54628.605456714
67813.8873918458
43236.0504437834
49325.1278561155
56051.9875107967
133827.570348834
33678.1423299179
18736.1798322777
25818.8020763953
30099.7006346864
30951.767548529
59859.168539291
26807.4067211247
19681.2253884853
36389.5755319681
27956.3645591234
44189.5953994835
110329.132492287
45286.5670669313
27444.8051024947
36061.1765420706
174464.012963381
20776.9333812897
26655.2527251106
81889.1098661122
77762.3930793391
22433.7115398226
17230.7125138519
92727.4116126728
43991.5272633243
72919.331074997
28869.6296538991
63386.3032078441
32413.0039048421
41681.223212007
23881.9862909217
57706.4372264204
19411.8275414523
50316.3755859311
25697.9530768943
41661.9409588552
21330.1851532122
20560.8984949498
95696.5443143539
27637.8087430881
21025.4679074094
56322.6275291034
37153.7785996452
42588.5178717056
22917.2687602418
42346.4173012691
19263.5159405551
36316.4592542621
38636.5062542245
94174.5127732642
810622.687130408
54425.4098470422
52061.419084868
56977.8223432652
17041.9143315762
51063.9401405449
24399.7984265124
35047.0671068943
84778.5971722895
44559.3959990784
62576.4768729968
44964.0620317541
40668.2539994752
34716.3007036929
34773.1575940313
44201.4677847123
41685.0588557277
141187.642022682
32716.911666348
25434.0865427116
35498.8943028624
41224.9629567709
56297.8761271602
25158.1948817465
35626.5544552295
45847.0589616701
38519.2874031594
111376.450721647
43828.2816075823
95230.8754298763
35798.5800838433
65974.2245479848
46006.128743279
15920.2496833036
17334.3117917278
24770.0742540122
17762.3942862138
112581.452506106
30433.1217643507
41430.6471629579
29304.720785387
41387.542552747
22080.3193506743
24399.1253169671
18541.5497958041
40343.7692961769
95954.9917055319
28294.353015282
61792.741035592
48850.3996697255
17905.1135574321
35564.6215132756
33141.7826693334
51382.1098066396
35700.5925534307
24392.6349296777
34767.2762820416
38194.8303049892
21807.0189002888
50423.2570016301
43512.7120223767
39719.1550526525
37485.7648732128
31213.4485663968
84050.4911170121
45250.3186156539
24912.4197025259
138255.935340384
27659.2331893271
45289.8326560791
46113.4603394643
38935.7745031462
15179.1782647016
46726.6049245228
23946.0377634523
21619.7247344458
36088.8180322289
31846.5864473214
67659.2773630336
27994.0131840565
41725.7125070224
115491.84432588
32215.2447209198
56908.1354503402
49406.9412306299
45844.3471474996
14326.8353793284
30127.7986729159
80529.175299547
53688.9684320814
26518.9778526027
30661.6909704789
19339.7967039454
26773.4805765035
54624.0716273405
60543.1813091942
54319.8526103321
21525.022947941
23570.9644725627
83896.2409272734
45877.427624936
27677.988823832
26289.6843860386
62376.482148786
26629.756747571
84472.5298153767
63500.9440946802
40079.8049619377
53824.1545158206
21113.7963455369
49566.2926941596
43118.0575806762
16834.0686820432
35648.5227803092
24360.0311065505
31390.6752741263
53806.1089774455
49533.1694601127
27990.7662710094
34710.5053551929
28933.8188391344
35944.1139161992
67454.2879342321
31245.680742189
69739.8223777944
79002.097209016
30294.7129497053
22935.7811548445
37084.629069749
29597.5399914438
26478.821091547
16801.0229476376
178754.393414751
35044.1021942732
33692.4372642431
37929.189319713
25647.0858531481
55026.5281432353
51275.8446559552
11428.8500470981
46675.5067494697
39686.4646309076
93071.5796001617
84758.4882317833
40343.261887873
22143.0437913982
23178.3696151359
41069.4089411602
55193.5276447505
52091.9166395593
38766.3844246987
24938.4338906636
46844.5217833894
34932.2990089527
60421.0828931026
17766.7140845574
40394.7233248681
14843.1486579602
45032.6329860192
70079.9734974032
30797.5971381798
40762.0095785974
28697.2791298602
21838.8309259111
26767.004797245
54239.674933475
27218.2706598738
25859.0121240441
26265.0892792157
45905.5756003682
27304.8292610814
53738.9483511185
58160.2349398462
59041.5198244162
83552.280213098
15949.3200217103
34799.7255919168
39136.6571826488
23164.9005830668
41788.1683059193
166589.735523156
27822.0265790702
25247.3374706623
44746.9999335648
29500.4389200677
31809.654756553
112755.530594071
52272.065713574
33670.1884269963
73611.9712597196
38198.289006906
34108.2875312722
23163.5848034393
53991.2251278432
22669.5514327338
30794.8567129974
24614.1328824778
39144.0568580895
27067.0939142171
23982.0636817707
29217.0518428735
44191.803082178
35973.1471640059
120426.138984201
67050.087692004
69364.3836727247
58314.3272758773
29202.992962798
52019.1835854079
38020.5314964022
18690.3493763768
80541.90289923
29279.4023036473
17629.2383235282
34218.1960098932
44642.1181355923
34348.654221194
43269.5762180924
58820.5218473606
42039.9294998191
30549.327590315
29601.9434159591
42801.3750674403
42175.8113915334
25909.4878078347
20473.471879928
48282.4181231491
27626.800655515
21829.348282082
40695.861590007
96793.4277175638
25628.5226311908
28413.9586564008
38501.6793494951
25173.6699812365
234053.314419449
61330.8025919033
80245.6602693347
47929.8112596725
62396.7861154589
66646.1915738347
30136.7852603767
40004.2287253337
22846.089812099
23563.379323149
19383.5334112326
121976.76502378
46943.9284871233
100506.043885967
48702.9126700713
64812.7761378965
160460.221188877
47802.0299131619
71551.8116372288
73006.0128102617
23817.4506495191
30679.2321963373
64626.907123433
33933.9448424736
37901.8869873385
34494.1718947131
19804.9992240881
82256.9445503011
42219.3372649501
294079.319933807
17024.3107911082
23793.4210556109
136469.816802381
25174.216697159
31639.675977652
60755.6202990459
21445.9626358129
120966.110798887
32188.7690106843
87455.708543299
28209.5498884222
73119.8810815105
34115.8222692577
20353.4575391845
20501.7567935354
63275.68410551
49522.2800421374
24436.4598267397
23218.3563978415
30792.9245434864
23112.2491153813
26480.4112034008
32161.9418808011
22691.2324419632
15699.9055862328
50504.1475955271
110210.262563969
34878.0045592645
18057.1274924842
56222.0971707323
48264.2612429992
36258.4926525357
43669.3250587607
48615.6815006976
24526.8574198408
55480.3787981204
26768.0192153406
77373.4849886078
24989.2145375
38283.1450020464
39918.1621786649
24894.5285917072
29853.6323456154
29863.6664349587
63253.9233657269
163520.186804476
35082.3563206847
24541.8571924343
43563.0326698432
47832.2197341763
22769.2304007853
219094.55515827
25754.2196809596
51495.3361817958
63900.3497797564
37477.9105507234
31326.7403961234
72466.4517440084
34392.203964712
96402.897423586
19529.7212242278
27424.9916451415
96849.4978640609
74245.1625200344
36499.059673272
57224.8381333495
38041.0395251033
20079.3704749598
43698.823475601
31296.6621371723
31820.6747562436
35125.5044955485
50621.7745271527
40087.5320261027
62788.3295894761
34219.3722923642
25888.5469945066
36786.2000506699
53573.9449036
61188.623508826
110277.695561428
124458.702487427
52359.4345561012
33710.4964407276
51566.2758574927
35427.8387864162
44912.2553884545
171701.44202045
21125.4903461645
53798.4283064613
71949.5981321417
64604.4233830103
41445.2297849553
23649.9247085161
25152.0732204281
29220.726679636
43161.9499846346
39649.8039891071
28281.6466724051
55111.4786541426
19442.3625543213
39484.9302754879
47171.495480233
26178.8304135946
29665.6717616989
36373.8492090711
55493.6541360493
42408.0227786179
50598.6704020301
50376.6105092828
63045.5675220703
58544.5560681871
25375.7113470128
27151.8225904406
43923.7305871052
52397.6220672635
48544.8066274347
50173.8353913528
28483.9704100718
41415.2977006615
18416.583821931
106502.681364572
21986.2085823851
71291.1609095196
32464.6432277195
49865.3140151841
44679.3540246201
365241.73741953
69704.6680600876
32328.174455008
44792.7869542403
23189.6262985687
32540.5220828847
17874.3816376518
58788.8450873247
13745.7285588127
31275.5072645134
29770.9248484951
38203.4431909115
70918.9478700268
29938.6121398575
27474.9032039242
35538.9469701727
62556.8399037736
42317.4708388229
104168.653429214
37072.3147445011
103351.709551521
17790.6056776932
20269.8121773374
26701.6965455593
26031.766086573
71041.6555450768
22276.7603278637
47190.6109217798
37847.1220973505
48267.3478042987
38356.4414555078
82499.1430595643
44500.6863674546
27355.677212509
34493.0426590748
25025.5197194304
39896.29275179
40735.3386809629
28659.9622901084
38433.7909615721
30524.6261497242
85939.6764037996
28237.7727898055
59093.5996558096
20849.0614661851
39256.2219481307
46347.594393372
21296.0503506762
30179.3627537431
10053.0831571509
107104.786368689
45457.5103606223
19851.5499547401
122021.194172133
21530.5669410922
19425.9216749448
95764.9082986416
31167.9482482254
76353.2379579952
53361.9305347571
20336.9229835109
35611.471595755
21703.6326670664
33611.7133937556
38600.5612531849
31830.7527481321
42132.4153002336
23642.5348992437
52337.1527240155
26103.3312604844
39167.1627735468
60118.6248820023
67679.6097023827
36198.1138774839
26161.6883861617
35133.9520423171
23364.3808061281
54386.0008630381
35570.1228312192
34565.6452578042
31392.6144958755
21324.1695120481
41947.5217399388
89863.9305114387
31798.8901273668
50586.661397566
28131.2684715211
39343.5876504213
47557.5713071577
22956.2219029356
31231.705031071
178802.400248841
76359.7672381989
28852.1596538631
45360.5755520281
53095.6139667307
70722.6406971033
58738.6663097603
43251.6367342571
68476.6324850777
46740.7427714314
86364.6146346085
23857.4932382315
27651.7997349326
15763.497820606
34970.5406004828
33402.8780006398
18192.7183073276
14021.475474505
24598.0077491613
46460.2623521333
120913.545418332
33674.5561016042
53945.6864234702
99012.8691239824
45038.5761329011
37626.1983732338
26327.4351612287
45781.432021875
99246.7475919583
40536.1405536796
19376.6873830669
22584.6924392424
39714.1847813966
39707.5905902293
141978.567435155
61393.7906057268
42308.3467564095
21425.274980177
28273.4056964602
51416.822479704
33870.9453199261
29657.5462520343
49207.7174963593
73951.4815267425
42068.98564894
54918.3216572605
21597.6717635583
31189.9746278396
39120.9632945771
110463.758224091
32537.764419676
190187.431306254
24134.1438922371
45983.0215966515
36632.8335265052
22766.2575060474
44251.7218986079
88279.6370599844
18211.3309101322
39341.8012118117
26850.4990224039
47447.9291598005
34534.5524078576
38319.2261436468
26167.0997039173
62878.7106047476
35658.2826814363
29720.9068473839
16639.3875504503
72826.6186030498
73170.884448534
58771.1313043223
23650.3362685902
44486.4846976127
67641.1721327977
25069.3578541163
21047.5315415182
18413.9136951958
25319.8764872875
15020.4882165434
49208.3639683555
57841.3794806056
35428.3988589683
45329.3828245887
35081.093544664
27488.6818612523
29212.816407978
31426.6478807388
52437.8950024035
71043.8944389646
36980.5514108056
54811.5266438403
39585.45722064
42669.043854911
22562.8906604897
95994.9275279229
75992.6910356145
28867.2596448077
44961.6927725663
99706.6241945212
53966.6559888984
22878.7473558163
36263.7748708736
22617.3150448066
48381.7872176539
80842.8339978313
23636.6024380562
33008.8859204015
87333.7065558358
28276.8903435127
39735.2436231064
38078.5444111958
22110.7079078277
32659.1299895983
25924.5534167645
53685.1756929163
41757.1229342654
33877.5480065477
34808.8452343322
27844.9509810984
19700.5610927331
67093.5708001908
26181.0705097732
11122.7150157393
30726.1555408653
37593.0748212769
21033.3529071319
17968.2880966511
23943.4546627075
26744.9714896431
50887.3628736127
48101.9985052034
24594.2788164822
84234.8450919635
28745.1864842004
39113.7695253942
23843.7741143461
21544.2716869351
33010.6635507734
41320.1018445589
42316.5258521453
170591.567270953
20693.8243940866
32863.1689118728
32285.0468333447
46334.6449657073
16468.9276559466
21366.0048229074
21969.193237025
53689.4138793097
15276.4428800653
35691.2538869488
30063.2816002264
25521.9031935488
46777.915295967
24331.3632240361
61882.1530672135
19487.8485181673
46290.0983041249
30036.6529075059
34832.9099930486
44258.0612268618
26508.3834464811
65042.5344823613
14436.8792979553
26111.423224224
35355.7789909395
31344.4829561456
38778.6156598583
81014.4340224793
48702.1446425275
68439.2796331808
26488.820943025
16127.4178846491
61472.7778177401
33714.9273255846
36250.5830493265
37753.4745005075
56901.0918469486
16621.1331539352
26695.1246925028
19045.5253558339
60424.4900597279
17501.430682368
33069.8977645178
138689.710971982
30314.9076625466
32223.6840153578
40860.3941890955
34398.8569454102
38204.7132698588
19213.9518484481
22697.9671193973
26178.2045700124
62662.6887469981
43050.587533981
37547.2161982939
37914.9359746049
46489.1860721489
36460.438190412
33758.5472217489
88456.6865803085
53665.2597508221
60734.3403833301
39032.1062549772
33035.0445736032
54790.6681846303
32438.4193836194
28550.7748410254
31978.5801878487
32924.0063429599
58850.06257846
40730.1575457007
29534.7984855307
30867.2540863827
132444.745602958
30056.8098826855
26573.2579555073
25906.7206122941
58649.1219255718
28597.4672279125
31093.7948227367
24114.7472795765
57586.2290746366
20274.0637858329
34888.0691676515
34971.7109585802
253074.549306033
16209.878927481
18542.6015813433
65870.1349458738
63724.3078505067
43522.4676514053
24358.8664573534
18066.3659564798
96651.6310002041
37443.7252476878
23980.2470953883
48516.9366498687
29107.6441474987
24276.3714889988
66496.4518441637
108120.973693496
52193.3471107998
28991.0729919895
42572.4683783018
72034.8185306076
45475.4252755452
33852.1785015908
116576.105496358
36863.0691180085
39756.5132485859
76559.0573124764
34646.1016366574
35567.0157232704
60235.877371755
49905.9000693727
21204.1818565054
85899.4195194643
31906.0558599185
44825.9579014736
38131.0785854371
22686.9754356043
40732.4022629008
55309.815500328
43434.8433628416
64969.7443621551
39522.1188962936
35588.8618454959
58759.7028530833
20750.4700325831
36016.8789397789
47628.310546199
39852.778580495
117031.593408367
54391.8543446878
58247.857592865
30028.40585297
55580.0519662822
66441.444873774
17993.1328819762
59794.8990500983
59560.3678261684
23291.9662404581
15012.0018277145
20863.5625698647
26828.4192738895
44220.3429080913
40535.0860784252
34204.7977242124
38984.5312233346
26974.1205092848
16861.9991616859
44000.4386881445
35857.0671176591
35401.1384419548
67914.3602827207
31740.6127446648
23524.0464776792
37805.5399065518
29394.191531955
29271.1827386259
69026.4501261594
35198.1723179243
36852.197617539
32928.4271169412
22391.9438706003
30118.2551049359
20532.0647750104
30703.9835864
22592.806669974
45258.8610794314
42781.5530957593
37487.8467113338
40333.6110488619
29550.6320168264
42625.8662561054
36976.6279110977
27266.2655309393
74584.8129020526
65309.7719404864
20528.7591355304
20180.7909808398
76517.0665735181
27544.8948797854
39859.6370114735
25108.0641373604
156702.70701628
25150.828782677
71909.0574582674
56649.8496511899
24324.0690224273
50467.6162410374
161947.608414165
21609.3213411386
16101.1214395489
33058.8575097735
29813.3348163794
36161.1513126859
40809.3486761503
19853.8387150907
65948.9540352444
42882.357039817
49642.7036060741
44092.0479646525
39111.8882442401
57111.2463864366
30810.2343663731
35923.8747526191
69180.8307212341
48273.4267758466
24396.102465175
57300.8618548185
63034.1693880229
24306.3508396871
43113.8502248507
84478.4814655367
39802.944758412
27741.2967763187
21247.1320214822
127661.688835915
57473.615125742
13274.2131745135
32528.6596538297
25416.9576193381
45839.1395390316
15389.0125980723
28315.4419925624
33375.9630492989
65350.9568856417
39724.7387369167
24627.9558470059
75471.4169807081
28485.176013141
45167.5988395665
57776.8810700541
21750.7148661105
35699.0353131732
50554.6171629994
22983.889590237
26046.1774961831
33091.7704988288
61302.7090959544
42819.0062177845
28569.3707899842
22275.8676162077
54334.654522872
32956.4641405162
43590.1644658675
25022.2565276156
24171.0003047881
48964.443377734
23472.6910376151
25310.2752872824
37803.2619640529
37833.5734234867
82854.9941215554
41916.3933400201
17984.5893038404
64805.7636860858
16233.3876446788
25989.1490851708
52791.8780675779
54899.9892284992
20212.4109949359
39301.7799207382
111601.178819598
24385.0990129728
18548.6873382824
97869.2307939888
24160.486185539
166906.97200529
128992.979317237
17428.0770940335
124776.82254473
48147.357535641
25542.7465285261
46414.8388459875
83747.663329107
21385.8561035166
27100.9425994559
70765.4544605885
37430.5990688195
20788.42039799
22732.9034162181
51284.4165899754
23174.419503172
26355.3449587648
46337.0752555237
20756.4959766101
23536.9034695457
35707.4703533774
23319.6864768481
65544.0422108299
45978.2653178395
46308.1657801175
58215.6867652747
26429.988314129
59551.3335064737
34586.0634083381
16334.5258569996
20273.6152778785
31431.6597346213
74061.7746187771
29241.2819901594
17753.2407907596
28582.1663412206
27442.5656838866
30973.6638555375
23090.2124974641
49368.0260595084
71793.6499976964
39111.1342567683
35889.6944295297
59652.0385839852
78049.4900319425
40483.9151157556
36832.6043835901
26351.5083036783
16290.2275763978
42534.5343954211
87406.8231579597
32541.5562300359
34540.2313184519
38321.9040107789
45091.8310474655
44177.70799149
17137.8230321923
103642.573799143
51106.9741312489
36539.5706431495
79043.7784780958
35224.4784892154
29359.3007998795
36040.4309070572
78814.7959662253
26385.6496477238
30012.0965369922
14947.4806246672
81048.1925803319
50474.3535675351
32989.5433525981
31115.8956470752
73442.092083992
29237.2070476884
19792.0021458683
50728.4617980254
39017.6528784083
38741.8056012122
19016.633665393
34850.7109369661
29588.8455892382
34228.5052592865
34370.1235233976
37864.6165686307
30267.7457678316
83577.4071331215
59761.7078592266
34357.1749229139
190593.245218186
26123.6650944385
42651.8043490454
21067.8566442157
23396.5255347527
22065.7821835845
61442.2863736344
45285.6675712514
52713.0679774086
34497.2660695329
43659.8963210851
32173.3480773844
143407.243832791
50787.2698417872
32854.7025841201
20766.6817139231
23091.9247310565
46503.2465988431
39255.308211612
35462.9346055256
58185.3087301222
20318.411170154
29662.2971976706
72197.3225316904
54524.8426855551
59976.2750623973
26912.1809008786
34891.6248201146
31489.3065487549
46947.3434862409
30343.5665445795
31113.4636649834
317048.122008596
25805.6431751396
46655.6796103457
18332.4125108357
26252.4397619807
13358.974966125
38678.3146695785
29305.144367294
24333.8539934305
28811.9699947806
32298.2939359362
26647.3683546784
27129.3887305111
36868.0999382242
42935.0480190641
19626.5843229225
37337.490870482
25662.4422888682
29485.1877457249
27592.0274339784
35949.0192232876
50411.3958397166
26273.3322191295
82521.519243816
33737.1670107994
27002.2751695671
31500.0081536782
31891.5898921173
49686.9244847436
68409.5386896749
22161.4428954804
38475.3269594801
13316.1704251657
49966.5657256277
25051.6176616379
70218.6515611322
64311.7480189273
17173.0031883833
33760.1967380178
32066.7719181047
24989.0367525521
45225.8441275485
38417.5010599124
55669.6598328147
71705.7908066892
37450.6610554719
26119.0578729964
51308.6458371534
31691.4061378484
16592.6790545853
33789.3392303069
31589.3175918878
16106.2037114074
90974.2977536571
37507.2428190902
28368.1073010884
96745.9124075292
28767.3296521625
21109.3244583157
18157.2219983729
102269.52891052
53362.7581599631
46288.5083737593
74778.2527677213
34405.9792101308
87846.2318395839
27643.1782622251
31794.1420546251
41692.3557916557
20975.0884953231
22745.9830197557
49082.4972298624
58358.537754798
107829.323002703
18188.3285360943
39322.6802083737
28916.2317437775
53199.7928678435
58164.9002729094
51643.7587735305
19475.6801285072
35071.9700821825
81588.7832244439
24947.7567980276
100270.812622068
16575.3222752205
21934.4159851362
40368.8192688603
35348.0541452077
44872.7228247157
23526.1293756115
39330.3785877744
55507.0714818026
46861.824960797
36804.0587754732
30028.91064958
28627.2458843365
69609.5134138756
64740.8426265112
48249.3695276368
36040.4469113953
35438.6762076319
16937.2879664278
24054.4396309039
44779.1794869057
49450.2929779782
24129.4022459682
48900.4024843788
41481.6610541628
34435.3330845951
55064.8196796561
33171.2512904901
50503.3275261092
25149.4593451754
75693.6506096521
76832.1601720146
52972.557244044
65800.6911952029
20681.8787442259
27933.9623166262
54431.0088161704
28534.6983421677
25448.182741468
17047.4362284756
59070.1526652359
17687.4575352289
24107.5543037702
154990.890681308
39334.0088321235
163609.207547003
42689.8831499216
91070.0045726062
59791.0169782159
11836.1449339489
44585.6120806721
45278.403011939
99818.7829796026
44515.779990497
44338.8620246519
36960.1502516995
23647.5542302715
21053.7815538726
58997.2631849537
37626.3748260349
66893.2366622026
26177.3281234996
37057.8977356589
77625.3436750374
27789.5010805134
34389.2957713147
20868.0083629785
36335.051015448
11210.1086615793
101815.037644497
37405.0148614849
34415.4975797618
43039.3544565931
28106.9296682861
42947.5669931127
35831.211506211
28782.7079469331
19667.8098870449
34288.3083712757
44935.2864064215
91423.7402970833
16148.1808834642
17092.577354552
17252.567255066
61625.3272957489
23833.8563014935
58465.9470949492
33188.2593292853
76602.2819559729
31392.6693843791
44949.8913939767
51062.4806128163
30617.8999419762
169687.448595794
11209.2150560158
118962.404129516
64382.077217672
17014.243543831
27579.976371672
56733.3267548827
96399.6504122662
43281.1589128778
137204.733740465
36893.4661610608
49932.6297393696
83243.0498208123
18413.8640039232
30024.1607957749
34269.8288526
26683.4809318615
16508.8387497489
27278.7617942856
13893.8739541214
33290.2496453412
50454.6004640402
66792.1654354276
25756.647304036
43573.2925763482
81907.8490463063
47666.9781459256
151391.205202286
23887.2218902136
24248.0149931643
30591.2809086651
69522.2312888783
48252.6490555021
140395.657295974
19770.5317455713
29437.122511119
28725.9980736076
24453.9101093978
22454.8176993178
34160.3231735877
22549.5153208993
35790.2898656824
44743.5642038006
31720.409023338
31012.3955402437
26488.0939844384
22555.4181770727
43646.4058778181
65781.3893430903
31409.650313655
40162.9823173236
29460.7147162417
84773.9025033568
48711.6035247118
44953.4304881293
21509.6972784946
50334.1263461439
41177.5735038455
14439.4519223144
33054.528872763
24880.5283445587
80482.511910707
84741.6418202457
26257.8916465592
22798.1092851953
49914.938624864
68747.0994898449
88913.40748501
58309.0869713114
139224.795621306
29348.1216857162
77988.9846475173
57446.6934885533
22872.9998714241
41295.0962527362
57991.2301667657
36101.4840583043
36660.9526877394
38547.1819414291
18692.5918454637
56483.4015639193
33135.0663937871
55728.2435927478
64888.3467699362
30699.9412934354
16091.9783563211
72975.3201343377
38511.216135491
59943.1758460535
16024.1064982809
29890.1709336631
49190.785487064
33575.0146329521
31554.728297563
31604.8740958934
34386.8216303833
42597.5134405472
104536.039503417
46211.3559397869
34642.2182789208
39951.8182375454
29434.1928699939
12995.4336060201
31850.3050463053
24879.7627621493
40870.6524656329
26002.1930585169
80494.665468529
20681.8468274605
80020.9946362998
21081.6673693591
21521.4816767271
25014.0933731542
37226.188896176
27992.5766525265
38886.5183280928
34916.9554447886
33754.0946797163
25785.632304499
53953.6587136008
94499.365975094
23700.2038704328
22002.7518043051
99292.218383887
62047.0439762976
25001.8251427327
32849.9132825027
35847.3978586678
61263.4666980369
74208.2605756524
39680.9174668158
59671.4348081245
116747.98122208
24328.1892903431
27177.53811991
52790.4405904141
37908.0636737598
78907.4909249519
78313.6860264956
67642.7315618775
57868.0326141826
58966.3537466581
76837.9273520313
29437.1904484366
122629.283480267
62846.7666471652
28072.3369537597
40739.8167882704
36096.352215448
39309.5646156295
24649.803048065
31773.4881769946
33272.3654301474
64581.4394170377
27910.4992244327
35790.1208793948
153223.073417986
46208.1818976105
37849.2473133263
23758.9468490587
45108.340079555
27319.8561967196
54848.4015868069
16970.5394950974
40880.356305753
36142.3638553375
76133.123293019
53972.6702669895
41342.4220780543
31388.8385695945
22373.5442757375
30106.8914711628
30275.3469396544
22663.8986264338
38159.2537038208
67160.3093361217
105407.33916097
47219.2106595039
32255.8363176124
24149.2738062886
40176.000244024
28056.4808129306
22222.8116178318
25561.1396453056
49756.4621915094
34388.7947556096
57963.1379086655
93366.3620089319
44683.4769628758
63702.2867525542
69584.2976747338
26052.7267471324
38377.2300078104
16861.3426140032
41921.6225994826
37572.5596393767
32335.5776663522
25691.4183650023
88951.8258815199
21087.5368256296
127543.560374427
45745.4586628181
27393.6873284219
38035.6473847615
41065.9278165638
35595.837408932
31752.7959105538
66572.2335496933
37115.9887693699
27174.4196158106
18616.4728022282
19250.930488574
22019.6060716743
122394.02212385
26605.9976909177
42586.510700777
112181.247613863
44112.2732272095
36396.2098747593
200771.493257055
55644.362438522
40506.0969436206
51464.3907159475
62814.3782941726
21037.4709860913
16113.0204496092
47583.0560399816
14371.7106272236
12140.5127608239
48406.2929637656
72511.3943341702
29987.7007533473
20465.8968605521
21679.0017962481
38892.9831136335
26448.4435929383
21021.0262586232
21854.3116505276
19146.0129955207
16641.7204051474
30230.8639208743
28712.4804221693
27433.7767287136
47998.0097722011
22493.7916596289
23292.5739651899
35673.9458530909
28794.3813775797
28972.3134120232
26471.3461364285
29040.1394588626
33351.2860995279
38181.9644626817
42625.2087935136
31041.7993239579
33686.0096498221
60895.8589487021
81075.787174068
41167.4763091359
32443.6548174891
21419.8515865407
90121.5793021211
30561.663819453
25883.7854296157
21927.8071674585
34332.3052030369
56549.4134437692
91915.0165103052
27258.0114771376
96527.8425027618
47429.9485183189
34598.5738690531
26228.9168273332
19074.5791097985
54213.5808425343
27323.078620262
44833.0307640704
15960.3680456105
29802.2840456209
47686.1043931859
43669.1563752899
53025.9676622057
25142.7963576596
23891.6876501681
155135.873323987
32137.6217058075
44945.5668044766
33019.3954493019
167473.01475306
29086.8179383413
40253.7360880548
91294.4966016577
30413.6587256059
27062.1069850433
40188.7198900057
15462.0202106986
25526.219902431
55016.6554274878
50922.8469691137
50438.9756108828
33065.3776222347
61615.3488875773
30712.2784793622
27290.0928136058
47362.4052354126
45208.0277807355
22648.8409794819
48220.3795750655
63898.3701914959
19912.0818180952
37602.9799181948
73224.637277013
11756.212006323
24098.8644073508
39425.9108750298
132414.387942553
19961.0358642402
27998.6318152467
22017.5812625113
50583.3208190839
70479.846056823
46279.955258342
49242.7425327734
116664.182671991
49147.5515306382
27874.4162308112
46997.1699358023
33289.047197135
59382.3782678255
68163.9385780592
100317.726087231
22928.8028202825
22163.9053644545
46337.953262364
109950.163973959
10353.3685736988
100672.253227994
39141.2824198873
31655.4831844871
44206.5437968154
47029.5519966488
27515.7739668672
35923.4027525016
42311.8827207462
62154.878604358
29858.924318388
53147.1673390181
78532.9146968871
36672.3051975041
71030.9868373746
20376.1775400135
94176.2579388671
55693.5395917503
26130.78884463
17996.5529083786
28013.197066403
27592.0319354886
26151.499467566
90865.9470017471
32975.9588171332
75794.765235312
27622.5741055052
71188.0096005968
20495.3395966643
22121.5878813938
23393.5860714618
51397.6826104898
74966.0660543841
31743.8165924109
39106.6708761457
76052.8850660567
30704.6617993673
59626.5370828504
83037.5262013505
41403.6119380005
36644.6312208295
17635.4351577942
41277.8604010351
33336.822553618
29638.8408420258
37888.0489593656
63404.1126040361
34198.3348298766
31679.1682677401
91135.6229865338
31850.3197829123
85555.6087312604
106190.652272128
38413.1951402458
25322.1711542006
52105.2828744832
46191.1452010473
36629.1616355491
42679.6090136312
34720.1658772432
49015.3674623389
37580.7684824305
119716.73706817
84373.0749957825
51541.7409919536
20904.6031923646
44045.7964966727
92676.4255019927
44404.3284785567
49018.0146302465
167880.324350904
31481.2623621967
133270.09927306
38754.7495861014
24166.4782425475
47362.6184300858
33256.328938279
61004.1512183717
43575.8390419595
31734.5876251831
31750.5034813495
34530.7258788644
218543.39324746
26924.6563758758
24999.8607284723
216904.720842553
103303.645891271
51254.0837840854
47230.9554478222
44763.509484344
56697.9436806764
45466.7078781319
68248.7601015486
26678.0372506999
44031.164453891
39568.6648164505
49952.942235049
21021.5078243025
71278.2574753849
30833.075870486
70002.1935408733
39744.9837287493
21936.019037991
39285.310396569
77006.4443365796
115555.552356383
120251.821865162
55059.5746252619
80840.0488289102
20322.0537490751
38793.4823668147
20000.4579558215
45224.1891322794
33861.5304001094
16770.2041762244
21405.3211283135
24452.2630116572
41229.3365809125
39463.9333653359
22908.7429392581
31947.591307601
43872.9808140842
38742.2275192885
81217.7520601523
23071.5588153775
36189.0485016075
37348.2712371216
37597.968833918
85450.811073452
64381.8797985536
65417.1684971519
34240.7247453187
21154.8121928286
49289.3755931877
22311.226094658
33781.6976001356
30652.4239300572
40925.1846449627
32696.4035591362
32885.0366218951
56330.3777405742
56506.8539291033
42727.1895271248
34192.9499659287
35397.2844170188
65424.3738331085
48877.3561099639
43260.3896595182
20104.5971656142
17479.6951982713
31291.3518121543
25888.7387485382
56821.7713479334
35981.7222433815
14810.1225189113
32274.0981734516
72832.0205087465
31781.9565536502
26474.7738002103
39666.0686510319
117382.714959644
31205.2256508852
19705.7180668981
37628.5251343081
14951.4668649133
36733.1997950582
58296.567697326
46383.0422769933
63989.2986974014
39177.9309224025
40823.716055483
22245.8353497942
44809.5248365833
25898.4393065604
62012.4239890559
51176.8189199582
55111.8922245357
22535.1136809297
90903.6384795361
48306.4760647002
88876.3107634555
33042.6000206309
75634.6918404444
92212.5709052054
19754.6802310069
31140.6007500027
72710.5875860893
39978.8768636048
34823.5343748778
23069.3383669048
40698.2845928035
110925.819186969
34184.1375621132
52084.7849768206
24710.2263414388
71415.1538960219
70552.6815276235
57597.5408770481
42594.8598548449
124761.535017508
34012.5726833322
32391.6034602915
26731.3499290991
162935.359693373
45639.0319708033
43174.1560284442
21368.2936911956
66225.627544567
29238.6335550191
91164.3163086095
60168.8102594508
17203.3302914172
163170.13147464
44392.3421015752
85137.7295712871
35163.9552570304
30896.7084617762
62986.3911538003
144792.226876709
72293.2356715028
29986.0123503329
32589.7360658186
21635.7138936336
35224.3178462058
131517.049967128
31484.8704393381
83801.4203732508
28235.8889580436
16656.0626964464
70795.2389714992
46349.7920067179
26625.3747842669
32726.318620121
58063.6681805104
21441.4779961045
40085.1981265188
34547.5945642274
93626.4797035643
66565.0937770972
73544.3463467424
13868.3844587718
56652.1183886456
51311.876986557
28120.4248586944
97145.7056648866
36247.5838496517
64855.7301909519
46571.1828640425
24341.4325461499
36821.5122302423
28038.2426826933
21896.869726347
32924.2597490415
82086.583828471
37836.8887153999
88513.0741304436
40072.4236510681
93086.1786064132
47112.3294486346
24706.818461592
26171.7433563711
58157.1439974689
22175.8855706437
160073.349860251
75037.8011142945
58777.4393783824
61841.6400224268
32938.9593541761
37945.4017106692
32700.4862246166
30869.2757720158
102678.4586489
29780.1677484215
21659.3069576724
37213.7433150534
21188.5215382571
41928.1964086975
72692.054496176
34570.1062144657
54836.1644722877
126499.277534862
41670.2211738895
41473.4978176369
19468.7835421078
29575.4118198761
31589.8044270115
36972.326758195
35023.9040837715
19924.4016059112
61862.824857587
26012.6315147529
32487.2426919354
60183.3021176451
24975.1885816949
87227.5588322056
50008.0109509821
29797.9272658887
49924.6312190104
50487.649421077
36008.86044039
20616.2524696563
85594.4533377807
40152.4433332079
49064.6844433606
49886.9740173184
23033.2737300581
79938.3688692145
62699.0884657421
33928.6108540511
99291.0450244964
54643.6395585653
22727.8864317238
52832.6359746997
42034.459072833
38403.4298180473
38017.7725538028
35297.738331182
54041.5683381919
48757.3930590597
51312.8260188171
31779.1558222333
33496.9484339406
72016.5450763658
18416.4056654947
31273.7257550779
69820.8233989841
25059.6780283869
23119.0903254904
49020.1737755652
60958.9919123212
23815.5268210817
65589.601436781
33630.9439847049
27563.9552275914
30121.9465249999
47464.0285606676
36019.4673301793
26712.2929650392
30688.0508120576
15844.7788821718
38300.1848173267
52010.9138652585
33372.9336904603
23062.9657408952
43833.9720232129
43778.7503667164
48293.0634078208
34030.4544136647
42929.907997071
36567.6158015364
13922.2134138404
56502.013456768
25871.9095512858
32062.7377204666
39642.5364822836
30709.0536140717
39915.2702343994
31694.5173695144
28710.6360569862
11861.3983878308
97964.9669532496
19578.6364369363
25380.8014065528
50718.7206975193
59974.7208519883
26154.4403824676
52982.7703068394
25536.9180362806
111154.609465963
30649.3721993504
29503.3677338271
75245.1154655933
15372.0446270672
51491.2471373203
15632.7392112936
65178.6063967652
34395.4946707819
21836.1807173828
57934.5956333075
49508.8631077547
33457.6735957549
24336.0967212218
20656.2632464658
67153.6861736966
50056.8795990152
19218.4128647982
26248.2127123091
44847.803129748
77252.4290831594
57668.8636229708
53295.2401163327
65160.8035495982
33066.113534551
33840.3432874152
77806.9622582837
75270.0201273997
58646.4122877645
79879.7165268279
54206.6353486889
81337.2739632583
25403.5571202358
22480.9538816153
30964.7114338534
52311.9547046119
20875.0098858595
59725.506122086
49067.5160673894
22208.9149593275
69414.6866556133
53468.229021699
47694.2596040579
31611.5083446914
39877.8152328552
27102.7800431727
21372.4071822105
51261.022804457
29680.1782551437
27776.5421935351
55104.0717708076
48299.0699079257
260640.30633095
93556.8257315971
38459.9474706326
24218.0840413395
43493.9681871312
52283.9335604439
43238.8896864309
25040.1290246914
32760.5671635524
72664.9971863143
34432.0490147049
46473.0141973359
33315.2786798503
29004.0800199053
38156.2577769531
469211.391922174
37725.7086624173
23903.6059582993
26174.6558931
37093.205944378
39723.0621233591
57272.1396083108
36229.9305188898
25248.3176159528
35312.5531112656
44744.0520471819
45908.9872952911
24544.6628582215
24236.1246911847
21739.1074748144
21220.209158681
29641.6436037608
32437.5629332364
42429.6304912296
19513.9539298166
96007.1663054172
11310.8090770197
20461.0309436744
25123.7521567141
23231.7494324351
34034.930280514
33078.0795188676
55571.5497429586
44509.3630424809
101874.428523246
20189.3989134882
56224.6204521275
20241.5163381825
53979.0416482457
21012.3874848252
98774.220557502
29886.1125522821
52316.7671732984
41097.4770159745
38804.3154831892
60983.3090330301
73183.5296472849
53518.1884641548
74577.8062521532
43739.3893032756
35246.207817617
47141.5452943371
28776.4570469479
520302.447912094
21679.6901535958
45055.3496187343
32185.0155252849
88509.5432388681
91377.8630161008
38941.3912425544
18701.7119854183
23593.5678202932
79957.2724747339
27231.3350386932
48398.8911229338
46952.4613105995
54224.50272484
124033.985528239
41442.9296954527
64696.5280457128
34277.6769268924
34582.2342675832
41082.7409478737
46550.3360422664
39812.371309442
19261.6045039936
23993.2666130253
125440.634674689
58165.319442426
45295.5068811254
37861.3855601043
58096.7289120781
29530.184262934
17552.6081141291
41182.5389259956
32817.5663908034
49930.9888397682
25251.5213347371
23390.7148796305
24591.4827589707
69803.7059770804
82162.6380154956
12609.9887554189
80547.313366479
61286.5401280993
39527.7339414913
161832.792016338
48571.8060955107
41986.7757506229
39044.5894740555
29597.1621634532
37615.4616497368
41191.1658114988
25343.3856531489
36868.4946499204
84114.2089675025
44247.1154792883
32579.5090987755
30944.39163452
29197.2279784998
25774.9834385596
121599.664841327
79433.6174518177
33117.1682179251
173709.803998254
18222.1153988591
26564.0240730312
27664.4001341032
17204.4444276081
28742.4469538022
26580.1595795661
72404.5779720786
29026.4745041033
75699.2336217812
22345.417110778
41274.0367155914
27551.9222236465
108029.258426648
50627.0759426659
94802.7880241044
125590.451555094
25856.3526224724
23724.1261992588
25597.0275124788
32281.5320922503
38742.0232055934
11652.4371954353
43137.8507816901
93868.6661782089
34898.7816579155
46325.3350591048
38977.2991148009
80494.4614050051
24466.631003112
48671.9144073097
69026.9286288589
37412.1821503535
25896.9194981169
46507.7494048695
41459.4665488666
45867.6187068453
35237.1624048459
10604.8056719162
37765.1234067476
25505.0795380477
28705.3536546121
51601.3874799031
30382.6512113194
40722.3373205414
16705.6302112794
62083.8362475286
28887.1724209679
150753.765415443
19745.5975995627
42244.669309528
65295.1986370946
55818.7539025891
67015.8305280601
33292.2476553669
90017.27763306
103176.172769086
30874.7998293026
41779.1868157229
34892.0623109167
28728.7617362336
103992.67078539
25748.8541745279
24350.2397615928
68340.507595349
48961.4601051328
13015.4712639533
25255.5861076854
50344.1365912227
19925.6585443263
15223.2910263459
58121.853978963
15788.2984672485
100633.899561413
79897.8902944975
170490.322596131
26346.9621007689
15953.7502687646
35907.7503395009
42115.9765327697
101175.131104918
30472.7514211762
45378.655098697
53716.373518008
27190.4823983814
42434.186421597
39444.5908059007
51775.0169824781
23127.8667688234
35702.6204197354
73906.4018656059
37746.0077620806
53157.4993380339
48103.0863935539
27760.8878644987
48270.9713000042
37750.1775202176
33549.7529411088
36550.5393098412
21197.6165187986
18348.7799391317
38715.8976489238
45396.6784903326
53406.8985671635
29749.309696462
29525.0010059157
35884.1831715318
85622.628481897
14321.8681352538
51841.8960481555
20102.5816875981
34711.2975953893
32827.5992296741
60518.9610265894
17125.2160287567
48056.8618435929
65056.6311167444
22249.1509445256
83006.5259476828
86090.2709184611
33494.5387012716
29381.5842607937
32385.8406978934
39148.7182622587
37985.9818376965
81604.5850256609
86367.2380756287
48961.1362197014
180255.352349348
51488.5963893926
36611.1266279191
85319.8196866353
14749.8478091247
17356.1355995423
20373.4583191567
53820.2181914913
44108.1348571382
58371.6884580804
16360.0879157228
46810.7110286428
29971.7770124402
61593.0961698815
104175.769020722
19452.857580582
27988.5317469686
29978.2249261643
25857.708357206
27929.7961373655
19264.0186447027
25231.882239041
38002.4748813014
45972.5590531016
76617.6103422016
31355.4106128519
21556.2134091901
33303.648429439
50163.8702788664
71595.4267181328
23977.9639182616
36582.9827473496
44470.507408333
29650.0630899664
53216.3208810373
50559.4989409863
36233.9457597229
25952.2324471946
40929.9778714137
30730.4413750027
15656.2550514398
59155.7088930038
61665.8596423915
34730.9552119642
43866.8723298012
36942.5167221119
145459.177921907
57645.0300580247
54280.5228838998
60487.5657638697
55318.7937800131
323174.018762961
19149.3305297319
46505.7631283284
83744.1674034813
44937.5459448155
26481.8739776708
34360.2285956422
119149.499880067
38936.8705526823
35911.0607725828
39350.5954425289
48702.8901292119
38357.7006786441
73359.5762846019
34309.3795036403
18689.1377388171
51798.7985744585
32933.8770775425
120722.46111378
34256.1796020777
18620.3573774036
22350.5774554715
47908.0514509068
32696.5036667207
38640.1742313961
51007.3377505959
78243.314407866
32710.7426816352
29438.391529849
38013.5551209012
54002.0208827579
34039.4673478856
30559.6839992267
41774.4694005879
39851.6675393612
447327.583498455
34449.6347718027
17353.3855084755
45803.195801886
15721.3229347704
27711.3396839237
40795.377062813
32320.8213716937
44381.1059760096
25433.3409734953
41380.2126894066
41867.7931925658
33213.2297725848
70646.2814536586
59477.4981260068
30074.2936433332
31294.4921738834
73880.3814187589
105215.460659138
23879.2727268991
60021.11313148
59751.3327281879
23970.2787250572
50123.7416485159
58201.1076543729
28214.9926623639
32496.6126710415
69583.0483028643
54698.5855238079
78799.7473334401
115645.059499938
44339.2962415326
19279.262654647
40783.6260547238
105883.13687435
27722.3888210372
15704.9164740133
31444.5772694978
19512.9872582166
79816.2094656343
54763.8939268897
28788.9672071555
21810.0065912958
48522.6754237666
52928.9203385896
29332.1654715843
23411.7158379396
44051.6421231758
25038.2121101406
42476.6877569167
34487.7628364178
23214.1091594778
88163.6373737032
322478.362291184
28008.0351894345
99720.1372465715
24439.0002828966
37453.4523575778
20001.5332261243
52062.8620643086
18331.6012441001
17822.0452315192
43669.1051371001
40029.9299214543
13559.508351211
25594.2047082716
27376.4053976471
90488.2803350818
76620.8873745993
26412.3808584913
26874.882879554
36530.4148972547
17833.5175737173
54821.5228621709
19710.1992455273
42250.5911804347
50521.5118839855
91290.8467828782
32735.3128644775
120928.07031573
48506.7824432811
21716.9143128237
40412.061769388
167934.862637223
26395.8049323962
68377.7979726866
66491.0829664177
25407.2687351296
73364.5497353135
32189.1090918875
62107.5093294665
55994.0384840324
19850.089961838
65047.2943463754
83796.9613993236
41020.37972629
19219.8212973206
25183.2327229018
23516.7507330753
52825.8077709464
49781.0802340716
41982.3123429432
29665.4132392872
37917.7679105345
24376.3174745123
19761.8211839476
40609.396208646
36170.2178962575
25486.2201886907
78536.6590079703
74407.6240793503
26650.0371118027
48004.0774689383
56813.1548867065
72123.3451413568
78128.3465575411
34272.8842623899
45700.4457824344
67969.7378003815
33187.6719049888
23321.2740575261
26307.0063973024
40634.7508197465
24044.153914751
39657.2334134677
103239.072681916
85284.8810420608
46510.5008517023
40971.385923925
81095.7394980458
30436.8012836954
23553.7622623715
58550.2398222408
26707.228451464
25414.1274096282
32730.0989588307
49918.8101423718
39737.7722617819
24176.2825122352
60880.9061415232
21470.5257644368
45377.0268194418
15114.3342545086
32442.3001579883
29957.6744731696
29806.3024242072
24839.0505043028
36406.7500438296
22801.9633931136
23731.8841764178
39694.1205235278
54392.9543471127
95511.2150198333
45444.0809967779
95686.1838379566
36860.9723768191
57301.0218997054
57432.5370216948
39243.7568036204
29081.9462426355
25765.4006016938
45792.1806539567
58549.3102297672
28472.3163821386
27031.4238816315
33717.275249461
19764.8370588488
52192.8836055873
107449.406735299
38778.1556488716
38326.2161919754
35114.3917807653
24655.7114861322
21714.5763867599
77504.8106666557
39484.2825505699
24418.5293345988
64470.5819086436
27755.5258734161
38242.8035147127
63589.135592997
32135.874574431
82617.11549641
52477.4350776947
34185.0437087243
42408.5151624693
24263.2568074202
71852.4113239528
35451.1419420462
36887.039936757
32076.9611297817
63467.3452494633
93872.7790019234
55847.4797602589
59484.698735385
63530.9582767859
77408.6314125377
40046.4598707824
35350.3094466309
28259.277964999
34798.5339367858
27843.6484113174
62767.5782883974
41807.8605644276
69873.4992490814
29983.3213598209
17706.6490469304
83800.9053265356
25696.3827931313
24128.6160896894
20715.6679953104
27702.4033772097
19060.6829765324
23751.1736429777
44511.9238379895
31306.6997803859
25030.6889074342
41302.860827323
61365.2717855404
41756.6597796801
50017.4794259931
38900.2557440253
17664.9596379772
45234.9307337845
42563.0018221409
33119.9781244596
30098.5993102873
27273.3970094399
26066.7629137069
31516.6359670272
36013.2500419524
32388.3010714338
19298.9332490359
22856.5848819548
91979.0255809753
24081.3312914844
74400.19168428
28117.4157706649
32629.9166016877
52682.5925771943
39036.9269530713
54140.2827031714
25592.5061074857
25453.8197166342
62240.5384011929
82534.6577718111
71875.151582654
68495.6195425964
61981.1089430132
51782.3155087505
17643.2980328753
30912.7281291367
62239.6030926852
39721.0657028979
103323.330559033
27528.5797174338
19805.514350822
17919.2539779487
35690.9981353445
30472.3195889562
58163.8000553507
58264.0573898123
92744.3982417287
50058.4121240125
17583.2874318344
57834.7192049592
48442.7033064628
27508.8180098762
68122.027559752
22829.7367170088
59744.9772577949
30917.8298589043
30547.950891552
31723.5798744204
36581.7858939987
23899.1503965199
15775.8573851901
25165.4208266172
17760.0125082134
48677.4513396794
42011.5214935558
36950.0465115608
28030.1632192791
44750.619740266
95789.7309479611
32815.7424519558
63223.5941186491
30995.2435395947
48375.223291938
139186.49552031
30961.9069615225
56404.0292498769
30800.9588927902
32902.8707113192
47534.2505935362
38109.9739549377
65772.5901212568
46750.6573387974
87917.7412276547
51393.9621730506
42694.6840634889
126109.00036778
54041.8558412473
35137.7186376447
44488.7647174889
37978.5213552536
184204.046615727
100291.24820263
24554.4146152464
21877.7295038434
27153.3020227928
156216.214208766
13599.9557319905
28346.8960423615
104063.52274566
84482.6626160835
69440.0447985483
27092.5601225681
53947.2470147203
28098.9063746904
91830.2164927637
43982.573919251
99669.8891362604
15442.7055304472
25146.634295938
34686.5902994715
27722.3929353606
22023.8436558536
42470.5369609049
19673.4836731861
22902.9444842073
24064.2988766046
60824.4486915855
127739.411984748
55601.8082989216
16573.6656497215
55993.3968050059
63725.6205206367
31584.1480588929
68511.5360156633
31381.245942991
41332.248873424
30932.8993717434
45474.1634985756
23031.5757573738
66576.2922435279
39547.7312733816
25589.4652123425
68377.1208377666
35675.7206286269
40986.7105796791
90899.6573474808
34142.2822234717
46076.850671847
62915.3330283394
32691.3243081022
47276.444835372
37757.5688732583
65244.137990332
92711.5164079388
57818.3697845611
32458.8138687414
42991.2070197633
42160.7247203724
29954.4968650362
23535.3386398136
63893.7324258113
38267.8500353352
22499.5794231198
52206.1053385439
24106.5170081378
69320.1771475578
36550.6896748896
23784.7475763529
34621.0916740992
31626.1429204582
114412.795114539
153581.088335068
45460.3177310228
26265.4107438944
51490.8561618064
62760.4895743403
18754.1819074614
46949.6775051575
27091.6050713725
25579.340697219
32480.7390097235
43983.0557407434
24380.3876677924
51010.4919680565
33141.6311329245
18635.4919700554
32925.2896320397
30072.554729567
31213.3941933543
56340.1406543188
20122.8395120629
21736.4099428178
28920.2779867609
24350.0326536929
23249.6114293725
52788.8083974377
39267.8640199877
57561.9178556734
46070.9287109678
57116.3202694677
28361.7930689529
64347.4288291683
35302.2501053811
14838.4575338164
19828.9853657569
71205.0480573512
38198.6763977644
89194.3578527628
25989.9122566919
28378.3859700636
23636.2168768374
35366.9552826051
41659.3289117254
12497.7508133852
68331.3227494551
36601.7828876615
29391.891065927
21552.8346465969
24222.6150804966
21464.9510490777
60258.8554845463
38407.7221743659
34033.9353857573
39015.6529686903
57553.0631775648
43801.148922473
46476.86086272
31275.4591769136
30919.6005986351
24308.2480196917
21122.4919439341
21908.7166657896
34150.2767980095
47892.7457395604
37089.2970399896
34258.2542647155
74653.7382645735
21952.8390688724
54080.2751477984
23826.0919969244
57715.5738502493
68733.8185671191
34328.1963981313
24708.9716898211
25250.2654453208
38832.9201864305
33189.0709543093
44009.9291922515
45401.7958181432
56589.4552395364
45796.4805552031
28056.6963399834
20283.2763302665
28844.3358762462
51740.5915196529
56798.7705064786
24482.2545491319
26337.7303591749
31354.2680522518
58779.5891218111
35951.2512830688
58275.2378032066
18104.8846299851
40691.1424007562
29082.2259694553
37324.5649935185
86996.1039937263
208136.519747971
52233.434461864
39873.4162989614
23768.5147021832
32573.4856381362
17564.9616056875
19281.7002967122
102915.012797493
27822.3154326772
16617.160794969
153481.535791938
56004.5299791574
21404.9189826566
32347.4569236491
44329.9768622982
62746.4577019972
90328.8602802719
30879.5294820616
27943.2528603782
40397.920919066
36630.3381767142
29244.1916974587
24500.3238447698
20513.8540743777
18113.5451697976
41795.4467259857
34801.6442343325
40171.7567791452
16670.4623544899
17034.2963488149
92262.3581101172
40129.4382599781
32876.4291393493
86787.866220129
70003.9687501926
40576.7918517375
42931.2452691302
20573.9712519407
60170.5794958185
39391.7245187411
36172.8526002512
66758.6148976242
22942.7226639289
33238.9582992804
27212.305194253
24342.9144535156
24631.5118990717
23673.9681376651
17764.4480140999
19783.9542320685
130793.712626411
50913.0451047872
29142.7177788327
49297.2006936904
19547.5032746256
57155.465314568
19704.6184356581
34872.6392534863
39735.6012780496
40619.4264439734
52740.957803242
41289.4946564012
84617.8562464634
42648.6656383931
32101.3709603025
45440.7192781947
15262.3771494501
27366.7097583648
33177.9886978435
60834.1118254797
34544.2083913113
18291.9369699428
16490.7258553643
277969.604676348
18886.837826344
26629.8891296016
39275.5387678866
29081.8130002795
38713.492966847
39026.0059557545
11241.2251486358
22374.8343686801
20370.8094009745
47264.5277578507
82164.2382829464
35489.3576100525
51810.6437165352
18142.6133339003
34740.336616314
92874.268352932
53316.4480001584
23592.6236750149
32847.9063188283
22145.9347203204
74969.5012744129
37476.1893540161
68710.5513623022
45081.6153305244
17293.5061907298
26585.2901699281
68381.8230951588
99631.1082013814
45519.3107844472
34318.7620565952
29316.1138971418
19056.250590659
22548.9597389405
45388.3300913985
27911.0669714388
33778.3784358048
24341.6915534736
86514.6077341015
32833.1660880547
23258.6939047761
19144.1715485811
30842.6673764355
32324.8879193636
79511.2658217092
73550.6582058259
132939.066878621
22418.8182635751
30288.0489009011
40629.5820287528
16294.0365246808
24743.0002318121
69367.6060476018
18243.6146223549
25554.7718552358
22910.542428103
26963.7078918108
17663.9034029367
27432.6683017748
56326.8359369893
20929.9051617243
27909.4211661931
62338.7799096582
17640.4429058148
76208.5945250852
81289.8134832676
19428.5721684534
34927.1300794368
27895.8282337873
94987.3191825625
99234.9462824115
48416.0931265919
65929.01893654
103787.443378447
157946.977730496
21422.0678973833
31243.5022857893
38744.3966666668
14889.7370386891
51395.8914070379
68308.3390557911
59895.6888151737
22655.6382788272
24483.5993535963
28508.2521490329
15631.1031270079
49326.3225224618
11988.9422631905
36648.7407719419
41244.6708688493
44606.7651845762
21708.4186521857
36954.3146892888
64086.9510908754
24457.1398365654
59513.5404808971
38825.8281715374
143446.245308265
35450.1705306293
34751.0423817401
81077.845877733
43254.3262389801
36202.5292528686
76370.1607718012
26684.0522144747
46987.4337062267
45679.9761546156
139675.232452134
56304.2753587559
32870.6847212553
74077.9964532774
16747.3518817799
46252.2966096502
29681.6639456696
44359.7073225579
15467.4038486586
40849.9909764566
22388.5764823616
67077.5223906576
36975.309036803
61661.7708023549
67309.2437126662
61699.9079328672
52655.4573353314
25559.5354126982
72936.8712094732
34053.7646424994
25480.6987036147
24975.659345608
89759.9722071611
35384.1908774224
118185.170287343
30153.408132068
49399.5743968453
53320.5090071142
102938.260342541
21412.3010482646
27062.3845030396
25490.3803552232
50602.4638546522
15538.9234935456
36373.9255455848
14001.9111200349
35488.250673355
37332.0792073472
15072.6110055048
37391.6569791996
31887.3956016987
47062.3377998877
42610.966583137
23154.4011598938
20177.5902896691
68430.9485959367
84533.0027027525
212883.610824032
32737.2614936377
24654.7516040438
34426.949847453
40713.9244501335
21377.2151463911
27523.8440953106
72153.6856074468
47533.4001557265
57185.8538929581
15845.3037628558
52222.6938895225
51191.8796890117
39968.8472016871
28029.218394109
27103.8351493746
30970.0958430783
57795.8819430262
70393.4520134926
22309.38053086
27431.482493332
32648.5583109239
38288.4886925897
36890.8916625732
11732.8393452269
36562.2158671234
39973.4081276522
18829.2874480864
21571.0946546793
21775.177755803
12335.8852424694
86329.9147469741
24129.3921693381
32400.9446872284
22132.3822860787
28629.9226496191
96803.9783037949
27011.5126025744
65482.0893188152
36737.4671948317
41249.140536191
32969.4472459848
84587.712375193
34301.1156808125
17594.1428603694
41037.1481064339
47613.9164097084
44171.4219114462
31091.1314464811
10453.1468783528
52479.2012528891
60160.7582644633
25716.0343549192
30353.3725639914
58386.7425946504
19985.8281385502
35585.9642105686
20351.1044148457
19191.0594028219
31781.6543791625
22754.8968471054
34225.8655475791
20807.7216613893
50911.4461886301
44767.4622071576
44383.8382264864
27561.9196868854
58393.3812303097
48490.6521941902
15348.0205320912
19574.5975687768
22715.2237469866
31580.1065060689
40907.4198250002
59222.1881107054
14308.5324492041
36203.8928277305
47315.6494697533
22023.0214521443
56442.8759886216
53836.3518921501
23654.0902150777
29363.8244715266
56413.0209265287
49193.0759410575
43910.5512651155
19267.1881998023
20795.8824101591
84986.8332742668
36871.1884277758
14423.7084042829
67401.0785339056
16814.4080413127
104534.920363582
62657.1985738579
23486.590598611
30363.3037585728
48520.9219504163
36222.7692829331
25582.2535633968
53357.8770286419
32893.1144032529
55685.1679658053
19883.2017771433
28194.9106629181
99395.782266822
13492.7260900257
13700.642320138
124714.54026199
22847.2532828376
43913.609839526
109750.64758329
25792.3220765027
28645.0910350968
19618.783582653
91614.3885406502
29790.9495554292
58930.1887046133
40304.5031064729
72844.7155034823
25565.9401425537
22046.1732569838
37039.9558602785
80063.6314616623
26844.1796926255
31658.9787419431
59147.092576593
52675.8107236096
11525.5110994424
38796.5512940791
20316.8295412196
47583.2762405941
39743.1155787165
20444.7354817475
88180.8807703866
132972.797343247
63947.4893977347
24436.0667429344
59942.8016777482
43151.7810420424
28297.9552471288
31096.1378457309
20778.9327986629
47728.6212550873
27232.882841814
118533.686532145
58553.5198447555
16957.8053027627
36139.6671165188
39288.7584222299
30467.480898054
36086.1910300932
53411.029544255
31059.3545446517
45857.1425812649
35151.130823902
36946.4544239745
69315.4347155191
22358.4484921071
47825.3303296939
25016.4098109146
17675.7156443486
28112.539948599
18438.4811745503
26050.4702632586
46569.92545641
39105.368415781
25450.6649573849
27505.8772439064
109950.539612206
50147.541157733
35371.2263322206
28230.5783160364
31370.9058759486
68346.6116006324
101124.229810025
139045.627784065
23550.0131472241
35980.0668192602
28264.2824627187
73190.5796807448
26786.7297069146
20492.9481770001
75860.4249386406
44044.0179815446
55383.4825909517
20186.1407903948
40459.806432417
22892.1982032535
16100.985603294
60562.5785527994
23400.1363183002
29372.3945602168
31992.3736737907
20943.2256101565
18365.6043275473
16900.5323536636
24622.2441062499
80284.4711172209
90901.9251174672
103855.650849371
31090.1585217206
66865.6980062998
49227.0576433957
112155.401986875
35529.8573627033
90142.4567240726
51567.2603598817
22470.0521448767
17908.8624471911
29278.9788908301
20738.3289235674
194664.616664987
31307.6213869357
25621.4462695176
25122.6832691152
23769.7541965785
22726.8136530866
12461.5838143581
36717.6040706568
34437.485321344
23730.1867846274
29148.1428749982
92694.5689973245
21394.7753958321
20159.0017929328
24360.4650460241
13396.1325365522
94415.469162203
43580.4883916634
33557.3703730652
51252.5308837744
113508.850196719
43440.0409080393
43487.8527290514
41252.4960231328
27172.2850083635
58552.8932006508
24616.735195859
31796.8033756906
38296.9407036793
18756.0635267768
52964.8726660443
42292.2623639005
27933.8155209839
24052.1070364002
55861.8624694084
17727.4558455598
48999.2169971796
36470.8720620105
13779.8833429102
22945.6065248958
90133.5503367754
37957.9284284644
34172.6076447984
32349.4701161073
79535.2566416927
30983.9706492034
150614.966399448
38456.7354826832
44821.2787801369
24747.3919712718
45901.9524901113
52389.8416287285
71531.1043454477
27555.5570354093
37955.5849067486
30549.1509230645
58337.3895535794
29252.3029619402
74450.6524679337
142183.898855358
47512.1773170445
39763.1540536695
18192.7543085383
99560.63419041
77491.9625444903
32801.8917880663
12706.7725689084
19309.6985689321
43338.3590358634
75593.7615256539
35621.6472487622
40312.055991872
28856.8815230111
30673.9967014703
54327.569099175
115099.826522851
31950.5252915932
41182.9845556056
26140.6010314954
33491.3770455045
73534.8846254383
21232.3870549063
31993.6345439513
37196.4831224146
22968.1970033557
21733.9584888352
54485.5522351192
18266.9014800717
25837.7136112571
84557.381592824
59747.0280803477
126688.360376371
43958.0515780194
71176.6265120851
58098.3076958243
25009.3069738854
50406.0874409114
77147.4771899021
32084.9060919757
14250.2994670631
34793.4091192804
32211.8435814218
20346.8804588679
41218.4851189562
16741.4210231629
20996.5660369325
32354.2102764504
29655.13730071
35996.8540550226
74739.0515195991
35855.8152743454
24856.7793513408
28149.2374823821
26145.2883886581
53551.3662357161
63243.9535458371
80129.737631857
35370.3347386865
55704.5120342478
22259.753933213
61070.6045934429
89836.2301404023
32250.446499221
46108.9201766652
47185.427382065
34028.570870715
19652.1770740156
26208.753769141
51781.316691894
30429.2118170539
56637.9065842215
23506.0402756305
33929.3022653872
43932.2929444314
51628.018086769
82797.0307117153
64784.0095359777
19053.9987485882
114394.456236264
61206.3259358647
125376.958210206
36977.584000967
63650.8284336186
58458.6293264183
26117.0821281888
12711.3122453143
78171.0334219825
26506.2431204221
52177.2421521898
32643.841144903
46038.062055703
119753.148909102
24662.2332980027
34777.4067785732
39650.1933071804
88802.9377287455
56161.7484307175
36278.1536487334
31732.1015836753
30848.7421709778
31030.1614935649
17352.2351104821
41180.2133968479
146642.236922143
38006.8308745721
21270.4699993275
41012.9903101443
111654.550639433
82121.5711666277
20062.6147446106
30472.4288072973
29364.9851322493
58047.7706498339
21893.5985140207
27925.6902596991
59273.603052867
46682.8415292527
53853.8819871557
19184.5483787514
16908.4120517814
12681.8496164781
44523.3651551088
44921.5066297573
44826.5945204888
24337.7230914684
58734.2368261298
40555.8971970142
22634.4821635381
31055.9392168221
40873.3727882466
20396.503328613
56227.2744716716
32110.0905948339
69572.0786294665
34139.593227733
29341.9770175769
34498.1749873986
46520.2407717547
18968.4640850613
25634.7804220373
32224.7021485497
15067.5083075292
46508.483726122
83079.3198025379
23165.7052087776
23977.9732498678
315394.333161392
33778.5923245309
40676.2380916821
71528.8119663634
23289.2406599469
61328.3969219698
28027.6600595498
45763.0324106073
51139.4519564615
58085.2425996519
26950.2369375683
33797.4028765558
32332.6188097507
111037.461677029
52280.6177669497
25482.8124665345
21799.4317217418
101829.610317198
26646.4848868436
52139.7222096782
73037.4029678451
63723.5542507053
55091.7827828146
21662.7527416823
34357.9167245723
38279.2230687896
45364.8686264254
39632.7627720241
29093.7541947366
20136.7893386939
47960.4395416644
37628.0456953351
33378.4838947232
31559.0565986928
42353.9051532886
30718.8924571229
31656.8599074332
20690.8702089172
34359.0187833056
66396.255315545
36010.2267754749
48584.1089530091
42657.492013565
20772.7427781538
39708.6902287448
26883.6796288384
64838.7001704219
27362.5875217786
23278.1028883631
35670.7916670026
35543.3960087022
33514.2213684232
88899.3801025853
26471.9252709629
47731.7660407399
31537.4165911205
48908.48181668
78641.9337523908
34706.3802071292
29670.9967393588
52320.5310584338
35990.3786613538
17329.840505141
28698.6106625738
31652.0144646191
41255.4892382051
15320.7790040674
42189.0395837517
44689.2291162774
35645.0565983118
15452.020738594
28175.1783730224
19896.868669958
30001.8584853165
37370.5997954218
78551.5253249432
11260.4090148679
27042.5986261251
22807.2820948204
43448.5733293531
27472.4849601022
43468.3549963456
61046.2736713275
66150.3421278095
21877.2110868952
63503.261180935
40363.296016058
104717.461625797
104707.36184377
16663.4451902779
24927.2087355286
31151.0644296967
23570.6828855131
71817.38854171
25953.8730840819
21331.2959925873
16508.8866678968
119310.75724668
39754.8539110581
28758.1946853623
43642.0275980189
40429.0963647217
28998.9633988113
33502.4770371932
28368.1078397002
58836.9119550985
40367.5036315587
76670.3961788752
120476.475518457
15235.6738981336
36211.7641765154
26315.1817073249
46593.1896471729
56006.555576782
167257.841556662
28858.0177489148
72625.3880796867
53621.7995606267
47945.5877011734
21614.4970704338
41319.4161375302
40080.6869364573
41579.0476437586
42424.0784687429
36473.291203737
98699.7422224093
36066.8332671684
46343.6623567722
64782.1639696481
18797.8633592446
57976.4366038782
51038.5920853756
14689.0397698472
27827.525103614
25768.1929448715
58299.977185732
50340.0344124886
32534.2939823055
40516.7404688482
17639.0230854799
31785.3385239001
52842.3803113177
33557.0576833915
24374.0110490814
38751.9412213435
27380.8081499308
121863.143399807
40997.1015037659
25279.6879491165
34403.0307039167
71692.3563667441
52233.8846841913
26821.5278987571
15156.7565045547
67494.4093724868
56334.8441558681
79137.5272701893
31850.9058504386
17851.1957230677
69886.508832358
18185.9447543161
60794.2595683533
45949.323667269
32634.2489984742
55788.2045995791
98625.1917165529
45304.8459205882
42160.3239520551
64847.2870065282
76804.3261809632
31469.4785281952
23729.4833059234
57809.0088725782
23257.6104899413
40467.7105619737
35400.6606471067
14883.6240055527
21369.5120071833
141820.965937005
37430.1565779647
28810.1841957667
23748.7123558073
18367.4120946162
38617.9082860068
20029.0970468129
28664.0491794375
80128.5854706688
66862.6487537924
53064.0444863805
88901.0997503649
53923.3668553998
38318.497271053
35569.7182989248
36823.1170759936
31134.3440283216
34855.0082656715
44155.5259713746
24637.7603828767
28218.1041024775
52666.7106502106
40331.3873105291
83538.8856564807
30088.62092878
27033.0772033145
34192.6436690539
